6.557
6.557
6.557
6.557
6.557
6.557
6.557
6.557
6.557
6.557
6.557
6.557
6.557
6.557
6.557
6.557
6.557
6.557
6.557
6.557
6.557
6.557
6.557
6.557
6.557
6.557
6.557
6.557
6.557
6.557
6.557
6.557
6.557
6.557
6.557
6.557
6.557
6.557
6.557
6.557
6.557
8.4609
6.557
6.557
6.557
6.9725
8.0245
9.5343
10.622
11.723
12.999
15.059
16.453
17.726
18.449
18.571
18.591
18.907
20.474
21.078
20.342
15.914
15.775
14.923
13.948
13.188
12.571
11.757
10.566
14.489
15.208
15.251
15.142
15.256
9.8971
10.398
10.997
11.13
10.668
10.713
10.89
11.166
11.154
10.755
10.361
10.203
10.24
9.9939
9.6078
9.2158
8.8717
8.1681
7.881
7.8387
8.4207
8.9638
9.277
9.5777
9.7875
9.8209
9.6652
9.3947
9.0936
8.5224
8.1682
7.7414
7.393
7.5169
7.5468
9.9252
9.7568
9.6642
9.3961
9.2147
9.0389
8.8713
8.7137
8.5666
8.4302
6.557
8.0758
6.557
6.557
6.557
6.557
6.557
7.1843
7.2769
7.2667
7.2584
7.2517
7.2466
7.2393
7.1815
7.1247
7.0687
7.0134
6.9587
6.9043
6.85
6.7959
6.7417
6.6874
6.6328
6.578
6.557
6.557
6.557
6.557
6.557
6.557
6.557
6.557
6.557
6.557
6.557
6.557
6.557
6.557
6.557
6.557
6.557
6.557
6.557
6.557
6.557
6.557
6.557
6.557
6.557
6.557
6.557
6.557
6.557
6.557
6.557
6.557
6.557
6.557
6.557
6.557
6.557
6.557
6.557
6.557
6.557
6.557
6.557
6.557
6.557
6.557
6.557
6.557
6.557
6.557
6.557
6.557
6.557
6.557
6.557
6.557
6.557
6.557
6.557
6.557
6.557
6.557
6.557
6.557
6.557
6.557
6.557
6.557
6.557
6.557
6.557
6.557
6.557
6.557
6.557
6.557
6.557
6.557
6.557
6.557
6.557
6.557
6.557
6.557
6.557
6.557
6.557
6.557
6.557
6.557
6.557
6.557
6.557
6.557
6.557
