20.522
20.522
20.522
20.522
20.522
20.522
20.522
20.522
20.522
20.522
20.522
20.522
20.522
20.522
20.522
20.522
20.522
20.522
20.522
20.522
20.522
21.144
22.489
23.038
23.616
24.243
27.656
28.62
29.606
31.253
32.466
33.71
35.09
36.579
38.152
39.935
42.027
43.997
45.654
47.116
48.555
50.065
51.497
52.722
53.965
55.229
56.14
57.052
57.943
58.83
59.91
60.851
61.521
62.094
62.71
63.28
63.738
64.156
64.711
65.083
65.251
65.408
65.356
65.23
64.888
64.204
63.61
63.085
62.98
62.764
62.838
62.706
62.296
61.862
61.202
59.11
58.883
58.421
57.69
57.109
56.409
55.269
57.553
58.923
58.277
57.761
57.259
56.771
56.25
55.798
55.446
55.253
54.89
54.437
53.651
52.722
51.631
50.135
48.566
47.273
46.101
45.017
44.045
43.132
42.266
41.397
40.444
39.434
38.118
36.752
35.582
34.655
33.763
32.909
32.055
31.188
30.104
29.484
28.887
28.323
27.781
27.258
26.76
26.294
26.037
25.839
25.62
25.389
25.119
23.076
21.075
20.522
20.522
20.522
20.522
20.522
20.522
20.522
20.522
20.522
20.522
20.522
23.016
25.053
20.522
20.522
22.271
24.28
25.648
25.508
25.382
25.268
25.167
25.075
24.992
24.915
24.843
24.755
24.599
24.444
24.29
24.195
24.3
24.313
24.222
24.122
24.014
23.899
23.777
23.643
23.498
23.343
23.176
22.998
22.81
22.613
22.407
22.195
21.978
21.752
21.494
21.211
20.919
20.641
20.522
20.522
20.522
20.522
20.522
20.522
20.522
20.522
20.522
20.522
20.522
20.522
20.522
20.522
20.522
20.522
20.522
20.522
20.522
20.522
20.522
20.522
20.522
20.522
20.522
20.522
20.522
20.522
20.522
20.522
20.522
20.522
20.522
20.522
20.522
20.522
20.522
20.522
20.522
20.522
20.522
20.522
20.522
20.522
20.522
20.522
20.522
20.522
20.522
20.522
20.522
20.522
20.522
20.522
20.522
20.522
