20.522
20.522
20.522
20.522
20.522
20.522
20.522
20.522
20.522
20.522
20.522
20.522
20.522
20.522
20.522
20.522
20.522
20.522
20.522
20.522
20.522
20.522
20.522
20.522
20.522
20.522
20.522
20.522
20.522
20.522
20.522
20.522
20.522
20.522
20.522
20.522
20.522
20.522
20.522
20.522
20.522
35.21
20.522
20.522
20.522
25.703
30.959
35.21
35.21
35.21
28.751
34.566
24.566
30.095
31.911
41.911
41.911
41.911
39.255
46.165
47.05
34.566
34.566
34.566
44.566
33.521
25.21
25.21
22.466
59.255
73.604
78.686
78.808
79.413
29.793
17.866
17.866
17.866
17.866
25.21
35.21
35.21
35.21
35.21
23.58
17.866
17.866
17.866
27.866
27.866
27.866
27.866
33.59
29.276
27.866
27.866
27.866
27.866
27.866
27.866
27.866
27.866
27.866
27.866
32.315
35.386
29.873
29.878
29.878
37.222
37.222
38.387
37.222
37.222
37.222
37.222
37.22
37.14
36.991
20.522
35.124
20.522
20.522
20.522
20.522
20.522
28.542
29.483
29.43
29.386
29.347
29.31
29.248
28.5
27.731
27.068
26.447
25.897
25.223
24.471
23.729
22.99
22.262
21.558
20.778
20.522
20.522
20.522
20.522
20.522
20.522
20.522
20.522
20.522
20.522
20.522
20.522
20.522
20.522
20.522
20.522
20.522
20.522
20.522
20.522
20.522
20.522
20.522
20.522
20.522
20.522
20.522
20.522
20.522
20.522
20.522
20.522
20.522
20.522
20.522
20.522
20.522
20.522
20.522
20.522
20.522
20.522
20.522
20.522
20.522
20.522
20.522
20.522
20.522
20.522
20.522
20.522
20.522
20.522
20.522
20.522
20.522
20.522
20.522
20.522
20.522
20.522
20.522
20.522
20.522
20.522
20.522
20.522
20.522
20.522
20.522
20.522
20.522
20.522
20.522
20.522
20.522
20.522
20.522
20.522
20.522
20.522
20.522
20.522
20.522
20.522
20.522
20.522
20.522
20.522
20.522
20.522
20.522
20.522
20.522
