20.522
20.522
20.522
20.522
20.522
20.522
20.522
20.522
20.522
20.522
20.522
20.522
20.522
20.522
20.522
20.522
20.522
20.522
20.522
20.522
20.522
20.522
20.522
20.522
20.522
20.522
20.522
20.522
20.522
20.522
20.631
20.827
21.218
21.82
22.468
23.505
24.625
25.872
27.234
28.694
30.373
32.406
34.628
37.395
40.141
42.967
44.95
46.698
48.546
50.716
52.453
54.128
55.205
35.911
36.498
47.405
48.651
59.755
50.507
51.038
51.532
52.057
52.571
62.681
62.253
61.237
60.749
63.457
64.364
63.308
61.908
60.5
58.851
57.192
55.967
55.589
55.243
56.399
56.027
55.234
54.664
54.366
54.221
54.352
54.501
54.637
54.955
55.368
55.781
55.819
55.304
54.915
54.789
54.843
54.979
55.221
54.95
54.245
52.935
51.36
50.012
48.816
47.924
47.229
46.503
45.787
45.109
44.497
43.929
41.954
37.803
41.402
40.193
39.158
38.449
37.818
37.211
36.477
37.811
41.904
43.522
42.426
40.744
39.549
35.986
32.674
26.381
26.281
26.206
26.15
29.551
33.852
34.413
33.813
33.289
32.668
31.975
31.286
30.622
29.96
29.871
29.863
29.845
29.813
29.773
29.727
29.627
29.387
28.913
28.21
27.593
20.522
20.522
20.522
20.522
20.522
20.522
20.522
20.522
20.522
20.522
20.522
20.522
20.522
20.522
20.522
20.522
20.522
20.522
20.522
20.522
20.522
20.522
20.522
20.522
20.522
20.522
20.522
20.522
20.522
20.522
20.522
20.522
20.522
20.522
20.522
20.522
20.522
20.522
20.522
20.522
20.522
20.522
20.522
20.522
20.522
20.522
20.522
20.522
20.522
20.522
20.522
20.522
20.522
20.522
20.522
20.522
20.522
20.522
20.522
20.522
20.522
20.522
20.522
20.522
20.522
20.522
20.522
20.522
20.522
20.522
20.522
20.522
20.522
20.522
20.522
20.522
20.522
20.522
20.522
20.522
20.522
20.522
20.522
20.522
20.522
20.522
20.522
20.522
20.522
