20.522
20.522
20.522
20.522
20.522
20.522
20.522
20.522
20.522
20.522
20.522
20.522
20.522
20.522
20.522
20.522
20.522
20.522
20.522
20.522
20.522
20.522
20.522
20.522
20.522
20.522
20.522
20.522
20.522
20.575
20.76
20.976
21.497
22.393
23.46
24.592
25.85
27.27
28.808
30.351
31.922
34.187
36.952
40.189
42.182
43.634
45.335
47.268
49.337
50.995
52.53
44.238
45.267
45.859
46.527
57.334
58.6
49.574
51.687
42.342
53.07
51.716
51.937
61.463
62.1
63.254
63.524
63.929
63.591
63.312
62.183
60.772
59.379
58.485
56.298
56.202
45.671
46.704
55.481
55.041
54.737
54.479
54.259
54.345
54.608
54.858
54.995
54.927
54.477
54.707
54.807
54.756
54.686
54.717
54.812
54.556
53.865
52.565
51.098
49.922
48.867
47.947
47.051
46.171
45.347
44.601
43.934
43.322
42.709
41.893
41.133
39.975
38.935
38.069
37.317
36.681
36.094
35.299
34.321
30.473
31.532
28.331
27.499
26.724
25.899
27.177
32.554
35.81
35.581
35.384
35.221
35.088
34.983
34.897
34.464
33.874
33.342
32.853
32.265
31.634
31.013
30.418
29.825
29.567
29.561
29.555
29.529
29.481
29.432
29.382
29.326
29.253
29.166
28.747
28.132
27.602
27.097
26.608
26.159
25.695
25.128
20.522
20.522
20.522
22.671
20.522
20.522
20.522
20.522
20.522
20.522
20.522
20.522
20.522
20.522
20.522
20.522
20.522
20.522
20.522
20.522
20.522
20.522
20.522
20.522
20.522
20.522
20.522
20.522
20.522
20.522
20.522
20.522
20.522
20.522
20.522
20.522
20.522
20.522
20.522
20.522
20.522
20.522
20.522
20.522
20.522
20.522
20.522
20.522
20.522
20.522
20.522
20.522
20.522
20.522
20.522
20.522
20.522
20.522
20.522
20.522
20.522
20.522
20.522
20.522
20.522
20.522
20.522
20.522
20.522
20.522
20.522
20.522
20.522
20.522
20.522
20.522
20.522
20.522
20.522
