20.522
20.522
20.522
20.522
20.522
20.522
20.522
20.522
20.522
20.522
20.522
20.522
20.522
20.522
20.522
20.522
20.522
20.522
20.522
20.522
20.522
20.522
20.522
20.522
20.522
20.522
20.522
20.522
20.522
20.522
20.522
20.522
20.522
20.522
20.522
20.522
20.522
20.522
20.522
20.522
20.522
20.522
20.522
20.522
20.522
20.522
21.862
34.455
35.21
35.21
35.21
37.793
24.566
24.566
36.571
31.911
31.911
31.911
41.911
41.911
31.911
28.443
36.756
34.566
44.566
44.566
44.507
35.21
35.21
31.039
27.866
28.046
35.197
33.693
27.866
27.866
27.866
27.866
27.866
27.866
27.866
29.77
35.182
35.21
29.011
27.866
27.866
27.866
27.866
27.866
27.866
25.098
20.522
20.522
20.522
22.283
26.684
27.866
27.866
27.866
31.193
37.222
44.566
29.878
29.878
29.878
29.878
19.878
19.878
29.878
29.878
37.222
37.222
37.222
37.222
37.222
37.114
36.642
35.335
34.159
33.116
31.803
30.47
29.878
20.522
20.522
20.522
20.522
20.522
20.522
20.522
29.313
28.415
27.5
26.691
25.981
25.138
24.187
23.263
22.345
21.46
20.535
20.522
20.522
20.522
20.522
20.522
20.522
20.522
20.522
20.522
20.522
20.522
20.522
20.522
20.522
20.522
20.522
20.522
20.522
20.522
20.522
20.522
20.522
20.522
20.522
20.522
20.522
20.522
20.522
20.522
20.522
20.522
20.522
20.522
20.522
20.522
20.522
20.522
20.522
20.522
20.522
20.522
20.522
20.522
20.522
20.522
20.522
20.522
20.522
20.522
20.522
20.522
20.522
20.522
20.522
20.522
20.522
20.522
20.522
20.522
20.522
20.522
20.522
20.522
20.522
20.522
20.522
20.522
20.522
20.522
20.522
20.522
20.522
20.522
20.522
20.522
20.522
20.522
20.522
20.522
20.522
20.522
20.522
20.522
20.522
20.522
20.522
20.522
20.522
20.522
20.522
20.522
20.522
20.522
20.522
20.522
20.522
20.522
20.522
