6.557
6.557
6.557
6.557
6.557
6.557
6.557
6.557
6.557
6.557
6.557
6.557
6.557
6.557
6.557
6.557
6.557
6.557
6.557
6.557
6.557
6.557
6.557
6.557
6.557
6.569
6.6026
6.7457
6.8108
6.8805
6.9554
7.0359
7.1227
7.2166
7.3354
7.4686
7.6133
7.771
7.9432
8.1318
8.3385
8.5653
8.8255
9.1216
9.4432
9.7884
10.152
10.525
10.89
11.228
11.52
11.759
11.959
12.113
12.23
12.312
12.361
12.374
12.356
12.318
12.387
12.422
12.505
12.599
12.605
12.42
12.08
11.712
11.405
11.19
11.24
11.218
11.266
11.355
11.213
11.211
11.125
11.006
11.046
11.19
11.264
11.423
11.638
11.832
11.886
11.746
11.482
11.192
10.933
10.742
10.602
10.511
10.473
10.491
10.567
10.698
10.853
10.94
10.852
10.57
10.208
9.8403
9.5101
9.2251
8.98
8.767
8.5788
8.4119
8.2797
8.1576
8.0434
7.9356
7.8332
7.7354
7.6418
7.4432
7.3373
7.2708
7.2067
7.145
7.1068
7.0744
7.0427
7.0116
6.9812
6.9517
6.9229
6.895
6.8678
6.8414
6.8157
6.7907
6.7665
6.7429
6.7199
6.6976
6.676
6.7306
6.9663
7.256
7.1928
7.1322
7.0739
7.0177
6.9888
6.9958
7.0029
7.0102
7.0175
7.0248
7.0321
7.0393
7.0463
7.0532
7.0573
7.0556
7.0538
7.0521
7.0502
7.0483
7.0463
7.0442
7.042
7.0398
7.0153
6.9871
6.9581
6.9285
6.8982
6.8673
6.8356
6.8034
6.7705
6.737
6.7029
6.6683
6.633
6.5973
6.561
6.557
6.557
6.557
6.557
6.557
6.557
6.557
6.557
6.557
6.557
6.557
6.557
6.557
6.557
6.557
6.557
6.557
6.557
6.557
6.557
6.557
6.557
6.557
6.557
6.557
6.557
6.557
6.557
6.557
6.557
6.557
6.557
6.557
6.557
6.557
6.557
6.557
6.557
6.557
6.557
6.557
6.557
6.557
6.557
6.557
6.557
6.557
6.557
6.557
6.557
6.557
6.557
6.557
6.557
6.557
6.557
6.557
6.557
6.557
6.557
6.557
