20.522
20.522
20.522
20.522
20.522
20.522
20.522
20.522
20.522
20.522
20.522
20.522
20.522
20.522
20.522
20.522
20.522
20.522
20.522
20.522
20.522
20.522
20.522
20.522
20.522
20.522
20.522
20.522
20.522
20.522
20.522
20.522
20.522
20.522
20.522
20.522
20.522
20.522
20.522
20.522
20.522
27.866
20.522
20.522
20.522
24.717
30.625
35.21
35.21
35.21
28.882
24.555
34.566
28.98
31.911
21.911
31.911
41.911
39.255
39.255
49.255
34.566
34.566
34.566
34.566
32.065
25.21
25.21
21.693
41.911
51.653
53.441
53.275
53.096
19.802
17.866
17.866
17.866
17.875
24.579
25.21
35.21
35.21
25.21
22.385
17.866
17.866
17.866
17.866
27.866
27.866
27.866
32.303
29.442
27.866
27.866
27.866
17.866
17.866
17.866
17.866
27.866
27.866
28.763
32.167
32.557
29.1
29.644
29.727
37.222
37.113
36.181
34.366
32.829
30.9
29.878
29.878
29.878
29.878
20.522
29.278
20.522
20.522
20.522
20.522
20.522
20.522
20.522
20.522
20.522
20.522
20.522
20.522
20.522
20.522
20.522
20.522
20.522
20.522
20.522
20.522
20.522
20.522
20.522
20.522
20.522
20.522
20.522
20.522
20.522
20.522
20.522
20.522
20.522
20.522
20.522
20.522
20.522
20.522
20.522
20.522
20.522
20.522
20.522
20.522
20.522
20.522
20.522
20.522
20.522
20.522
20.522
20.522
20.522
20.522
20.522
20.522
20.522
20.522
20.522
20.522
20.522
20.522
20.522
20.522
20.522
20.522
20.522
20.522
20.522
20.522
20.522
20.522
20.522
20.522
20.522
20.522
20.522
20.522
20.522
20.522
20.522
20.522
20.522
20.522
20.522
20.522
20.522
20.522
20.522
20.522
20.522
20.522
20.522
20.522
20.522
20.522
20.522
20.522
20.522
20.522
20.522
20.522
20.522
20.522
20.522
20.522
20.522
20.522
20.522
20.522
20.522
20.522
20.522
20.522
20.522
20.522
20.522
20.522
20.522
