6.557
6.557
6.557
6.557
6.557
6.557
6.557
6.557
6.557
6.557
6.557
6.557
6.557
6.557
6.557
6.557
6.557
6.557
6.557
6.557
6.557
6.557
6.557
6.557
6.557
6.557
6.557
6.557
6.557
6.557
6.557
6.557
6.557
6.557
6.557
6.557
6.557
6.557
6.557
6.557
6.557
6.557
6.557
6.557
6.6114
7.3558
8.074
9.2914
10.201
10.969
11.99
13.035
13.716
14.712
15.329
15.556
15.039
14.156
13.569
13.956
14.197
13.757
13.297
12.983
12.829
11.36
11.105
16.586
16.118
15.875
15.521
15.394
15.502
15.827
16.372
16.953
16.985
16.373
15.515
14.984
11.252
11.311
11.207
11.223
10.94
6.9829
11.078
10.287
13.165
9.0226
8.6393
8.8382
8.8396
8.6455
9.0167
9.523
10.23
10.997
6.557
10.669
10.695
9.8744
9.2715
8.8383
8.4866
7.6768
6.8674
6.557
6.557
6.557
6.557
6.557
6.557
6.557
6.557
6.557
6.557
6.557
6.557
6.557
6.557
6.557
6.557
6.557
6.557
6.557
6.557
6.557
6.557
6.557
6.557
6.557
7.0341
7.0595
7.012
6.9661
6.9217
6.8787
6.8367
6.7956
6.7552
6.7153
6.6757
6.6361
6.5965
6.557
6.557
6.557
6.557
6.557
6.557
6.557
6.557
6.557
6.557
6.557
6.557
6.557
6.557
6.557
6.557
6.557
6.557
6.557
6.557
6.557
6.557
6.557
6.557
6.557
6.557
6.557
6.557
6.557
6.557
6.557
6.557
6.557
6.557
6.557
6.557
6.557
6.557
6.557
6.557
6.557
6.557
6.557
6.557
6.557
6.557
6.557
6.557
6.557
6.557
6.557
6.557
6.557
6.557
6.557
6.557
6.557
6.557
6.557
6.557
6.557
6.557
6.557
6.557
6.557
6.557
6.557
6.557
6.557
6.557
6.557
6.557
6.557
6.557
6.557
6.557
6.557
6.557
6.557
6.557
6.557
6.557
6.557
6.557
6.557
6.557
6.557
6.557
6.557
6.557
6.557
6.557
6.557
6.557
6.557
