20.522
20.522
20.522
20.522
20.522
20.522
20.522
20.522
20.522
20.522
20.522
20.522
20.522
20.522
20.522
20.522
20.522
20.522
20.522
20.522
20.522
20.522
20.522
20.522
20.522
20.683
21.138
23.084
23.953
24.884
25.895
27.01
28.213
29.465
30.93
32.431
34.181
36.146
38.345
40.891
42.829
44.363
45.76
47.219
48.972
50.475
51.936
53.372
54.339
55.125
55.628
56.28
57.291
58.524
59.825
60.62
61.148
61.626
62.132
62.631
64.292
64.819
65.085
65.142
65.372
65.34
65.061
64.66
63.856
62.978
64.248
63.418
63.029
63.161
59.933
59.204
57.923
56.961
57.788
59.407
59.018
58.663
58.312
58.072
57.992
57.897
57.969
57.391
56.806
56.342
56.004
55.736
55.505
55.284
54.725
53.758
52.501
51.347
50.216
48.953
47.724
46.608
45.586
44.672
43.878
43.133
42.378
41.544
40.687
39.26
38.041
37.002
36.091
35.169
34.194
31.765
30.58
29.736
28.829
27.982
27.517
27.134
26.769
26.427
26.125
25.818
25.469
25.098
24.721
24.35
23.996
23.66
23.329
23.006
22.694
22.397
22.116
22.839
26.067
29.64
28.814
28.029
27.297
26.603
26.197
26.264
26.336
26.412
26.491
26.571
26.651
26.731
26.811
26.889
26.935
26.916
26.896
26.876
26.855
26.833
26.81
26.787
26.762
26.737
26.467
26.18
25.891
25.539
25.142
24.713
24.27
23.83
23.385
22.926
22.467
22.018
21.56
21.044
20.566
20.522
20.522
20.522
20.522
20.522
20.522
20.522
20.522
20.522
20.522
20.522
20.522
20.522
20.522
20.522
20.522
20.522
20.522
20.522
20.522
20.522
20.522
20.522
20.522
20.522
20.522
20.522
20.522
20.522
20.522
20.522
20.522
20.522
20.522
20.522
20.522
20.522
20.522
20.522
20.522
20.522
20.522
20.522
20.522
20.522
20.522
20.522
20.522
20.522
20.522
20.522
20.522
20.522
20.522
20.522
20.522
20.522
20.522
20.522
20.522
20.522
