20.522
20.522
20.522
20.522
20.522
20.522
20.522
20.522
20.522
20.522
20.522
20.522
20.522
20.522
20.522
20.522
20.522
20.522
20.522
20.522
20.725
22.756
23.043
26.16
26.705
27.226
30.074
32.716
33.521
36.601
37.742
38.882
40.039
41.283
44.091
45.617
47.034
48.356
49.616
50.846
52.01
53.079
54.028
54.885
55.611
58.116
58.976
59.87
60.73
61.399
61.798
62.064
62.232
62.318
64.013
64.681
64.693
64.699
64.833
64.91
64.736
64.355
63.992
63.61
63.216
62.81
62.438
62.147
63.23
61.341
59.487
59.564
59.726
60.161
59.729
56.392
55.157
54.782
52.572
52.434
52.247
51.948
51.587
51.196
50.743
50.244
48.603
48.283
49.422
50.435
51.215
51.626
51.693
51.646
50.866
49.206
47.4
45.46
44.69
43.851
42.925
41.979
41.049
40.133
39.112
38.005
36.785
34.845
34.14
33.446
32.444
31.072
29.755
28.17
26.455
24.859
23.157
22.779
22.489
22.211
21.95
20.522
20.522
20.522
20.522
20.522
20.522
20.522
20.522
20.522
20.522
20.522
20.522
20.522
20.522
20.522
20.522
20.522
20.522
20.522
20.522
20.522
20.522
20.522
20.522
20.522
20.522
20.522
20.522
20.522
20.522
20.522
20.522
20.522
20.522
20.522
20.522
20.522
20.522
20.522
20.522
20.522
20.522
20.522
20.522
20.522
20.522
20.522
20.522
20.522
20.522
20.522
20.522
20.522
20.522
20.522
20.522
20.522
20.522
20.522
20.522
20.522
20.522
20.522
20.522
20.522
20.522
20.522
20.522
20.522
20.522
20.522
20.522
20.522
20.522
20.522
20.522
20.522
20.522
20.522
20.522
20.522
20.522
20.522
20.522
20.522
20.522
20.522
20.522
20.522
20.522
20.522
20.522
20.522
20.522
20.522
20.522
20.522
20.522
20.522
20.522
20.522
20.522
20.522
20.522
20.522
20.522
20.522
20.522
20.522
20.522
20.522
20.522
20.522
20.522
20.522
20.522
20.522
20.522
20.522
