6.557
6.557
6.557
6.557
6.557
6.557
6.557
6.557
6.557
6.557
6.557
6.557
6.557
6.557
6.557
6.557
6.557
6.557
6.557
6.557
6.557
6.557
6.557
6.557
6.557
6.557
6.557
6.557
6.557
6.557
6.557
6.557
6.557
6.557
6.557
6.557
6.557
6.557
6.557
6.557
6.557
6.557
6.557
6.557
6.557
6.557
6.6557
7.9782
9.5972
10.86
11.62
12.813
14.921
17.116
16.056
18.288
19.179
19.125
19.243
19.024
18.042
16.055
14.697
14.025
13.6
12.887
11.984
10.828
10.05
9.0982
8.5559
8.1418
8.2874
8.318
8.4073
8.8708
9.2012
9.3104
9.3162
9.2167
8.9096
8.5967
8.5803
8.4209
8.1171
8.2704
8.3722
8.3298
8.1467
7.8373
7.4218
6.9215
6.557
6.557
6.557
6.6865
7.0438
7.2987
7.4368
7.4489
7.5814
10.574
11.449
8.8753
9.3497
9.6739
9.9876
10.203
10.216
10.005
9.6649
10.3
9.8974
9.546
9.2443
8.9523
8.6945
8.49
7.9669
7.948
7.92
7.7749
7.637
7.5584
6.557
6.557
6.557
6.557
6.557
6.557
6.557
7.247
7.1758
7.1054
7.0357
6.9666
6.898
6.8296
6.7616
6.6937
6.6259
6.5582
6.557
6.557
6.557
6.557
6.557
6.557
6.557
6.557
6.557
6.557
6.557
6.557
6.557
6.557
6.557
6.557
6.557
6.557
6.557
6.557
6.557
6.557
6.557
6.557
6.557
6.557
6.557
6.557
6.557
6.557
6.557
6.557
6.557
6.557
6.557
6.557
6.557
6.557
6.557
6.557
6.557
6.557
6.557
6.557
6.557
6.557
6.557
6.557
6.557
6.557
6.557
6.557
6.557
6.557
6.557
6.557
6.557
6.557
6.557
6.557
6.557
6.557
6.557
6.557
6.557
6.557
6.557
6.557
6.557
6.557
6.557
6.557
6.557
6.557
6.557
6.557
6.557
6.557
6.557
6.557
6.557
6.557
6.557
6.557
6.557
6.557
6.557
6.557
6.557
6.557
6.557
6.557
6.557
6.557
6.557
6.557
6.557
6.557
