6.557
6.557
6.557
6.557
6.557
6.557
6.557
6.557
6.557
6.557
6.557
6.557
6.557
6.557
6.557
6.557
6.557
6.557
6.557
6.557
6.557
6.6029
6.7016
6.7422
6.7849
6.8302
7.0826
7.1524
7.2262
7.353
7.455
7.5629
7.6769
7.7974
7.9245
8.067
8.2266
8.394
8.5686
8.7499
8.9368
9.1275
9.32
9.5114
9.6986
9.9001
10.087
10.259
10.415
10.552
10.669
10.765
10.841
10.896
10.949
10.985
11.005
11.013
11.02
11.013
10.992
10.956
10.906
10.841
10.767
10.688
10.608
10.533
10.505
10.461
10.425
10.395
10.371
10.353
10.34
10.217
10.247
10.299
10.367
10.453
10.547
10.632
11.004
11.349
11.541
11.706
11.699
11.498
11.187
10.86
10.566
10.327
10.124
9.9473
9.7887
9.6403
9.496
9.352
9.2064
9.0591
8.9109
8.7633
8.6296
8.5028
8.3796
8.2604
8.1457
8.0356
7.9301
7.8289
7.7347
7.6586
7.5854
7.5149
7.447
7.3816
7.2978
7.2508
7.2052
7.1609
7.118
7.0763
7.0359
6.9967
6.9722
6.9535
6.935
6.9168
6.8965
6.748
6.5994
6.557
6.557
6.557
6.557
6.557
6.557
6.557
6.557
6.557
6.557
6.557
6.7436
6.8917
6.557
6.557
6.688
6.8363
6.9373
6.926
6.9162
6.9076
6.9
6.8933
6.8873
6.8817
6.8765
6.8702
6.8591
6.8481
6.8371
6.8303
6.8378
6.8387
6.8322
6.8249
6.8171
6.8086
6.7994
6.7895
6.7789
6.7674
6.7553
6.7423
6.7285
6.7138
6.6984
6.6821
6.665
6.6471
6.6283
6.6088
6.5884
6.5672
6.557
6.557
6.557
6.557
6.557
6.557
6.557
6.557
6.557
6.557
6.557
6.557
6.557
6.557
6.557
6.557
6.557
6.557
6.557
6.557
6.557
6.557
6.557
6.557
6.557
6.557
6.557
6.557
6.557
6.557
6.557
6.557
6.557
6.557
6.557
6.557
6.557
6.557
6.557
6.557
6.557
6.557
6.557
6.557
6.557
6.557
6.557
6.557
6.557
6.557
6.557
6.557
6.557
6.557
6.557
6.557
