6.557
6.557
6.557
6.557
6.557
6.557
6.557
6.557
6.557
6.557
6.557
6.557
6.557
6.557
6.557
6.557
6.557
6.557
6.557
6.557
6.557
6.557
6.557
6.557
6.557
6.557
6.557
6.557
6.557
6.557
6.557
6.6213
6.6609
6.7078
6.7777
6.853
6.9346
7.0231
7.1196
7.2396
7.3795
7.5334
7.7039
7.9045
8.1385
8.4012
8.6984
9.0372
9.4268
9.8785
10.406
11.023
11.743
12.565
13.453
14.205
14.518
14.42
14.227
14.07
13.905
13.667
13.352
12.988
12.594
12.2
11.83
11.496
11.199
10.933
10.862
10.858
10.694
10.55
10.427
10.328
10.257
10.269
10.262
10.244
10.213
10.174
10.128
10.079
10.027
9.9735
9.9343
9.892
9.8421
9.7859
9.7332
9.6876
9.6439
9.6044
9.584
9.5755
9.5715
9.5721
9.5785
9.5935
9.6231
9.6777
9.7739
9.9391
10.281
10.858
11.599
12.051
11.279
10.262
9.5434
9.0474
8.6884
8.4167
8.1541
7.9954
7.8667
7.7612
7.674
7.6017
7.5416
7.4916
7.3461
7.1821
7.1603
7.142
7.1264
7.1132
7.1018
7.092
7.0834
7.0759
7.0692
7.0632
7.0578
7.0529
7.0485
7.1078
6.7607
6.557
6.557
6.557
6.557
6.557
6.557
6.557
6.557
6.557
6.557
6.557
6.557
6.557
6.557
6.557
6.557
6.557
6.557
6.557
6.557
6.557
6.557
6.557
6.557
6.557
6.557
6.557
6.557
6.557
6.557
6.557
6.557
6.557
6.557
6.557
6.557
6.557
6.557
6.557
6.557
6.557
6.557
6.557
6.557
6.557
6.557
6.557
6.557
6.557
6.557
6.557
6.557
6.557
6.557
6.557
6.557
6.557
6.557
6.557
6.557
6.557
6.557
6.557
6.557
6.557
6.557
6.557
6.557
6.557
6.557
6.557
6.557
6.557
6.557
6.557
6.557
6.557
6.557
6.557
6.557
6.557
6.557
6.557
6.557
6.557
6.557
6.557
6.557
6.557
6.557
6.557
6.557
6.557
6.557
6.557
6.557
6.557
6.557
6.557
6.557
6.557
