6.557
6.557
6.557
6.557
6.557
6.557
6.557
6.557
6.557
6.557
6.557
6.557
6.557
6.557
6.557
6.557
6.557
6.557
6.557
6.557
6.557
6.557
6.557
6.557
6.557
6.557
6.557
6.557
6.557
6.5617
6.5766
6.5925
6.63
6.6948
6.7727
6.8578
6.9511
7.054
7.1681
7.2954
7.4385
7.6252
7.8398
8.0863
8.373
8.7211
9.154
9.682
10.344
11.208
12.394
14.147
16.579
17.028
15.803
15.248
15.378
16.047
16.675
16.893
17.814
16.88
14.756
13.585
13.168
13.168
13.157
12.877
12.295
11.768
11.339
11.083
10.993
11.076
11.234
11.746
12.393
12.712
12.135
11.521
11.133
10.957
10.953
11.103
11.348
11.554
11.536
11.264
10.886
10.578
10.358
10.217
10.148
10.145
10.207
10.331
10.507
10.7
10.835
10.84
10.688
10.446
10.193
9.9648
9.7694
9.5992
9.4428
9.2891
9.13
8.9617
8.8014
8.6373
8.4713
8.3079
8.1507
8.0019
7.8628
7.7338
7.6147
7.3268
7.4047
7.1577
7.0836
7.0159
6.954
7.0481
7.5005
7.8347
7.8093
7.7878
7.7697
7.7548
7.7425
7.7325
7.694
7.6415
7.591
7.5421
7.4945
7.4481
7.4026
7.3579
7.3138
7.2939
7.2927
7.2914
7.2861
7.2764
7.267
7.2577
7.2487
7.2398
7.2311
7.1983
7.1563
7.114
7.0713
7.0282
6.9849
6.9412
6.8972
6.557
6.557
6.557
6.7182
6.557
6.557
6.557
6.557
6.557
6.557
6.557
6.557
6.557
6.557
6.557
6.557
6.557
6.557
6.557
6.557
6.557
6.557
6.557
6.557
6.557
6.557
6.557
6.557
6.557
6.557
6.557
6.557
6.557
6.557
6.557
6.557
6.557
6.557
6.557
6.557
6.557
6.557
6.557
6.557
6.557
6.557
6.557
6.557
6.557
6.557
6.557
6.557
6.557
6.557
6.557
6.557
6.557
6.557
6.557
6.557
6.557
6.557
6.557
6.557
6.557
6.557
6.557
6.557
6.557
6.557
6.557
6.557
6.557
6.557
6.557
6.557
6.557
6.557
6.557
