6.557
6.557
6.557
6.557
6.557
6.557
6.557
6.557
6.557
6.557
6.557
6.557
6.557
6.557
6.557
6.557
6.557
6.557
6.557
6.557
6.557
6.713
6.7905
6.8445
7.073
7.143
7.2327
7.4969
7.6747
7.8158
8.0358
8.1211
8.2069
8.2927
8.5449
8.6488
8.7514
8.8519
8.9494
9.0429
9.1315
9.2143
9.2901
9.3582
9.4178
9.5834
9.7181
9.7689
9.8097
9.8404
9.8609
9.8712
9.8714
9.8615
10.022
10.135
10.134
10.127
10.113
10.094
10.07
10.043
10.012
9.9787
9.9439
9.7463
9.5887
9.4635
9.4655
9.6127
9.7097
9.5832
9.4291
9.4858
9.517
9.4394
9.5403
9.6514
9.7717
9.8963
10.014
10.104
10.14
10.01
9.8759
9.7256
9.5456
9.3578
9.175
9.003
8.8432
8.6952
8.5577
8.3275
8.1664
8.0692
7.9769
7.8885
7.8036
7.7219
7.643
7.5668
7.4932
7.3459
7.2213
7.1726
7.1255
7.0802
7.0365
6.9945
6.9541
6.9152
6.878
6.8004
6.7797
7.2555
7.2132
7.1805
7.1513
7.1226
6.557
6.557
6.557
6.557
6.557
6.557
6.557
6.557
6.557
6.557
6.557
6.557
6.557
6.557
6.557
6.557
6.557
6.557
6.557
6.557
6.557
6.557
6.557
6.557
6.557
6.557
6.557
6.557
6.557
6.557
6.557
6.557
6.557
6.557
6.557
6.557
6.557
6.557
6.557
6.557
6.557
6.557
6.557
6.557
6.557
6.557
6.557
6.557
6.557
6.557
6.557
6.557
6.557
6.557
6.557
6.557
6.557
6.557
6.557
6.557
6.557
6.557
6.557
6.557
6.557
6.557
6.557
6.557
6.557
6.557
6.557
6.557
6.557
6.557
6.557
6.557
6.557
6.557
6.557
6.557
6.557
6.557
6.557
6.557
6.557
6.557
6.557
6.557
6.557
6.557
6.557
6.557
6.557
6.557
6.557
6.557
6.557
6.557
6.557
6.557
6.557
6.557
6.557
6.557
6.557
6.557
6.557
6.557
6.557
6.557
6.557
6.557
6.557
6.557
6.557
6.557
6.557
6.557
6.557
6.557
