6.557
6.557
6.557
6.557
6.557
6.557
6.557
6.557
6.557
6.557
6.557
6.557
6.557
6.557
6.557
6.557
6.557
6.557
6.557
6.557
6.557
6.557
6.557
6.557
6.557
6.557
6.557
6.557
6.557
6.557
6.557
6.557
6.557
6.557
6.557
6.557
6.557
6.557
6.557
6.557
6.557
6.557
6.557
6.557
6.557
6.557
6.557
6.557
6.6791
7.6596
8.6308
9.5454
10.377
12.262
13.299
14.049
14.378
14.726
14.759
14.749
14.213
13.388
11.455
10.604
9.9662
9.3088
8.5336
7.7899
7.2541
6.8002
6.6584
6.557
6.557
6.557
6.557
6.557
6.7212
6.8554
6.9145
6.8952
6.7986
6.6295
6.557
6.557
6.557
6.557
6.557
6.557
6.557
6.557
6.557
6.557
6.557
6.557
6.557
6.557
6.557
6.557
6.557
6.7343
7.2908
7.846
8.3987
8.9459
10.092
10.596
10.922
10.957
11.119
10.792
10.3
8.8175
8.2487
7.6715
7.0892
6.557
6.557
6.557
6.557
6.557
6.557
6.557
6.557
6.557
6.557
6.557
6.557
6.557
6.557
6.557
6.557
6.557
6.557
6.557
6.557
6.557
6.557
6.557
6.557
6.557
6.557
6.557
6.557
6.557
6.557
6.557
6.557
6.557
6.557
6.557
6.557
6.557
6.557
6.557
6.557
6.557
6.557
6.557
6.557
6.557
6.557
6.557
6.557
6.557
6.557
6.557
6.557
6.557
6.557
6.557
6.557
6.557
6.557
6.557
6.557
6.557
6.557
6.557
6.557
6.557
6.557
6.557
6.557
6.557
6.557
6.557
6.557
6.557
6.557
6.557
6.557
6.557
6.557
6.557
6.557
6.557
6.557
6.557
6.557
6.557
6.557
6.557
6.557
6.557
6.557
6.557
6.557
6.557
6.557
6.557
6.557
6.557
6.557
6.557
6.557
6.557
6.557
6.557
6.557
6.557
6.557
6.557
6.557
6.557
6.557
6.557
6.557
6.557
6.557
6.557
6.557
6.557
6.557
6.557
6.557
6.557
6.557
6.557
6.557
6.557
