6.557
6.557
6.557
6.557
6.557
6.557
6.557
6.557
6.557
6.557
6.557
6.557
6.557
6.557
6.557
6.557
6.557
6.557
6.557
6.557
6.5721
6.7202
6.7409
6.9692
7.012
7.0565
7.2808
7.4866
7.5562
7.7917
7.8859
7.9826
8.0817
8.1827
8.3974
8.5208
8.6451
8.7696
8.8932
9.0148
9.133
9.2465
9.3539
9.4538
9.5448
9.7647
9.8547
9.9336
10.001
10.056
10.098
10.129
10.146
10.151
10.277
10.333
10.339
10.335
10.323
10.303
10.276
10.244
10.206
10.165
10.122
10.077
10.032
9.9873
10.045
9.894
9.7651
9.7878
9.8155
9.8501
9.8718
9.7137
9.7436
9.8588
9.87
10.082
10.36
10.723
11.167
11.567
11.609
11.204
10.573
10.102
9.8361
9.6386
9.4889
9.3705
9.2722
9.186
9.0772
8.9482
8.7921
8.6194
8.5244
8.432
8.3418
8.2536
8.1673
8.0828
8.0003
7.9197
7.832
7.6869
7.6293
7.573
7.4914
7.3751
7.254
7.1284
6.997
6.876
6.7504
6.7219
6.7012
6.6813
6.6623
6.557
6.557
6.557
6.557
6.557
6.557
6.557
6.557
6.557
6.557
6.557
6.557
6.557
6.557
6.557
6.557
6.557
6.557
6.557
6.557
6.557
6.557
6.557
6.557
6.557
6.557
6.557
6.557
6.557
6.557
6.557
6.557
6.557
6.557
6.557
6.557
6.557
6.557
6.557
6.557
6.557
6.557
6.557
6.557
6.557
6.557
6.557
6.557
6.557
6.557
6.557
6.557
6.557
6.557
6.557
6.557
6.557
6.557
6.557
6.557
6.557
6.557
6.557
6.557
6.557
6.557
6.557
6.557
6.557
6.557
6.557
6.557
6.557
6.557
6.557
6.557
6.557
6.557
6.557
6.557
6.557
6.557
6.557
6.557
6.557
6.557
6.557
6.557
6.557
6.557
6.557
6.557
6.557
6.557
6.557
6.557
6.557
6.557
6.557
6.557
6.557
6.557
6.557
6.557
6.557
6.557
6.557
6.557
6.557
6.557
6.557
6.557
6.557
6.557
6.557
6.557
6.557
6.557
6.557
