6.557
6.557
6.557
6.557
6.557
6.557
6.557
6.557
6.557
6.557
6.557
6.557
6.557
6.557
6.557
6.557
6.557
6.557
6.557
6.557
6.557
6.557
6.557
6.557
6.557
6.557
6.557
6.557
6.557
6.557
6.5665
6.5817
6.6102
6.6533
6.6998
6.7766
6.8604
6.952
7.0527
7.1641
7.3009
7.466
7.6516
7.862
8.1137
8.4172
8.7721
9.1945
9.7115
10.361
11.202
12.334
13.917
16.152
18.417
18.312
16.459
16.03
16.679
17.246
16.433
15.65
14.859
13.871
13.016
12.39
11.94
11.794
11.595
11.323
11.071
10.858
10.698
10.596
10.551
10.574
10.608
10.764
10.776
10.726
10.64
10.551
10.481
10.452
10.447
10.44
10.413
10.356
10.27
10.178
10.083
10.006
9.962
9.9383
9.9352
9.9492
9.974
10.001
10.022
10.031
10.029
10.026
10.048
10.104
10.198
10.33
10.473
10.544
10.432
10.02
9.353
9.267
8.8908
8.5705
8.3135
8.0958
7.9278
7.8146
7.9254
8.4885
8.9513
8.7907
8.5903
8.4418
8.3616
7.647
7.0073
6.9974
6.9898
6.9839
7.2476
7.6196
7.8237
7.759
7.6964
7.6355
7.5761
7.518
7.4609
7.4048
7.3912
7.3841
7.3731
7.3586
7.3447
7.3313
7.3069
7.2587
7.2103
7.1618
7.1132
6.557
6.557
6.557
6.557
6.557
6.557
6.557
6.557
6.557
6.557
6.557
6.557
6.557
6.557
6.557
6.557
6.557
6.557
6.557
6.557
6.557
6.557
6.557
6.557
6.557
6.557
6.557
6.557
6.557
6.557
6.557
6.557
6.557
6.557
6.557
6.557
6.557
6.557
6.557
6.557
6.557
6.557
6.557
6.557
6.557
6.557
6.557
6.557
6.557
6.557
6.557
6.557
6.557
6.557
6.557
6.557
6.557
6.557
6.557
6.557
6.557
6.557
6.557
6.557
6.557
6.557
6.557
6.557
6.557
6.557
6.557
6.557
6.557
6.557
6.557
6.557
6.557
6.557
6.557
6.557
6.557
6.557
6.557
6.557
6.557
6.557
6.557
6.557
6.557
