6.557
6.557
6.557
6.557
6.557
6.557
6.557
6.557
6.557
6.557
6.557
6.557
6.557
6.557
6.557
6.557
6.557
6.557
6.557
6.557
6.557
6.557
6.557
6.557
6.557
6.557
6.557
6.557
6.557
6.557
6.557
6.557
6.557
6.557
6.557
6.557
6.557
6.557
6.557
6.557
6.557
6.557
6.557
6.557
6.639
7.1527
7.6635
8.533
9.3186
11.03
11.885
12.632
13.139
13.784
13.078
13.156
12.963
13.541
13.148
13.297
13.5
13.48
12.894
12.535
11.962
9.2374
9.3109
14.668
14.086
13.651
13.369
13.227
13.222
13.344
13.543
12.864
13.368
13.643
13.433
13.143
10.546
11.247
11.17
11.042
9.5438
6.5694
10.321
10.441
12.276
8.8065
8.2457
8.2202
8.2212
8.2223
8.7756
9.942
10.407
10.321
6.557
9.0745
10.591
10.21
9.7388
8.4922
7.9331
7.3743
6.8157
6.557
6.557
6.557
6.557
6.557
6.557
6.557
6.557
6.557
6.557
6.557
6.557
6.557
6.557
6.557
6.557
6.557
6.557
6.557
6.557
6.557
6.557
6.557
6.557
6.557
6.557
6.557
6.557
6.557
6.557
6.557
6.557
6.557
6.557
6.557
6.557
6.557
6.557
6.557
6.557
6.557
6.557
6.557
6.557
6.557
6.557
6.557
6.557
6.557
6.557
6.557
6.557
6.557
6.557
6.557
6.557
6.557
6.557
6.557
6.557
6.557
6.557
6.557
6.557
6.557
6.557
6.557
6.557
6.557
6.557
6.557
6.557
6.557
6.557
6.557
6.557
6.557
6.557
6.557
6.557
6.557
6.557
6.557
6.557
6.557
6.557
6.557
6.557
6.557
6.557
6.557
6.557
6.557
6.557
6.557
6.557
6.557
6.557
6.557
6.557
6.557
6.557
6.557
6.557
6.557
6.557
6.557
6.557
6.557
6.557
6.557
6.557
6.557
6.557
6.557
6.557
6.557
6.557
6.557
6.557
6.557
6.557
6.557
6.557
6.557
6.557
6.557
6.557
6.557
6.557
6.557
6.557
6.557
