20.522
20.522
20.522
20.522
20.522
20.522
20.522
20.522
20.522
20.522
20.522
20.522
20.522
20.522
20.522
20.522
20.522
20.522
20.522
20.522
20.522
22.655
23.686
24.373
27.381
28.087
29.162
32.623
34.9
36.665
39.491
40.479
41.495
42.55
45.916
47.219
48.419
49.532
50.604
51.583
52.518
53.423
54.236
54.925
55.507
57.544
59.311
59.998
60.558
60.893
61.043
61.074
60.932
60.645
62.706
64.219
64.275
64.31
64.282
64.148
63.899
63.572
63.256
62.98
62.723
60.249
58.252
56.672
56.756
58.707
59.881
58.162
55.646
55.599
54.846
52.43
52.336
52.231
51.991
51.642
51.275
50.941
50.628
48.996
48.257
47.983
47.688
47.344
46.89
46.327
45.713
45.118
44.446
42.117
40.257
39.054
38.065
37.192
36.424
35.605
34.724
33.77
32.775
30.737
29.017
28.363
27.762
27.191
26.653
26.151
25.676
25.216
24.783
23.803
23.554
29.668
29.14
28.727
28.354
27.997
20.522
20.522
20.522
20.522
20.522
20.522
20.522
20.522
20.522
20.522
20.522
20.522
20.522
20.522
20.522
20.522
20.522
20.522
20.522
20.522
20.522
20.522
20.522
20.522
20.522
20.522
20.522
20.522
20.522
20.522
20.522
20.522
20.522
20.522
20.522
20.522
20.522
20.522
20.522
20.522
20.522
20.522
20.522
20.522
20.522
20.522
20.522
20.522
20.522
20.522
20.522
20.522
20.522
20.522
20.522
20.522
20.522
20.522
20.522
20.522
20.522
20.522
20.522
20.522
20.522
20.522
20.522
20.522
20.522
20.522
20.522
20.522
20.522
20.522
20.522
20.522
20.522
20.522
20.522
20.522
20.522
20.522
20.522
20.522
20.522
20.522
20.522
20.522
20.522
20.522
20.522
20.522
20.522
20.522
20.522
20.522
20.522
20.522
20.522
20.522
20.522
20.522
20.522
20.522
20.522
20.522
20.522
20.522
20.522
20.522
20.522
20.522
20.522
20.522
20.522
20.522
20.522
20.522
20.522
20.522
