6.557
6.557
6.557
6.557
6.557
6.557
6.557
6.557
6.557
6.557
6.557
6.557
6.557
6.557
6.557
6.557
6.557
6.557
6.557
6.557
6.5867
6.6637
6.7563
6.8617
6.9054
6.9512
7.2344
7.3323
7.4057
7.5909
7.6913
7.7961
7.9052
8.0186
8.1887
8.3291
8.4737
8.6218
8.7724
8.9245
9.0765
9.2267
9.3731
9.5138
9.6464
9.8513
9.9815
10.099
10.202
10.291
10.364
10.422
10.464
10.49
10.578
10.594
10.603
10.607
10.599
10.58
10.55
10.512
10.465
10.412
10.354
10.295
10.235
10.175
10.217
10.182
10.15
10.122
9.9882
9.8855
9.9116
9.9507
10.004
10.076
9.9699
10.079
10.296
10.531
11.066
12.03
14.479
15.164
13.264
11.879
10.991
10.471
10.135
9.8784
9.6715
9.4958
9.3402
9.1975
9.063
8.9337
8.8079
8.6338
8.5297
8.4269
8.3257
8.2264
8.1293
8.0346
7.9425
7.853
7.7663
7.6497
7.5852
7.5225
7.4617
7.4026
7.352
7.3102
7.2693
7.2294
7.1904
7.1524
7.1154
7.0042
6.8534
6.7001
6.557
6.557
6.557
6.557
6.557
6.557
6.557
6.557
6.557
6.557
6.557
6.557
6.557
6.557
6.557
6.557
6.557
6.557
6.557
6.557
6.557
6.557
6.557
6.557
6.557
6.6506
6.6374
6.6262
6.6169
6.6093
6.6033
6.5986
6.5952
6.5928
6.5913
6.5904
6.59
6.59
6.5903
6.5906
6.5909
6.5911
6.5911
6.5908
6.5901
6.589
6.5874
6.5852
6.5824
6.579
6.575
6.5702
6.5647
6.5585
6.557
6.557
6.557
6.557
6.557
6.557
6.557
6.557
6.557
6.557
6.557
6.557
6.557
6.557
6.557
6.557
6.557
6.557
6.557
6.557
6.557
6.557
6.557
6.557
6.557
6.557
6.557
6.557
6.557
6.557
6.557
6.557
6.557
6.557
6.557
6.557
6.557
6.557
6.557
6.557
6.557
6.557
6.557
6.557
6.557
6.557
6.557
6.557
6.557
6.557
6.557
6.557
6.557
6.557
6.557
6.557
6.557
6.557
6.557
6.557
6.557
6.557
