6.557
6.557
6.557
6.557
6.557
6.557
6.557
6.557
6.557
6.557
6.557
6.557
6.557
6.557
6.557
6.557
6.557
6.557
6.557
6.557
6.557
6.557
6.557
6.557
6.557
6.557
6.557
6.557
6.557
6.557
6.557
6.557
6.557
6.557
6.557
6.557
6.557
6.557
6.557
6.557
6.557
7.2662
6.557
6.557
6.557
6.8882
7.6587
8.7483
9.8203
11.549
12.773
15.063
14.944
16.25
18.86
19.225
19.44
18.226
21.215
21.831
19.965
14.517
14.604
14.165
14.492
13.06
12.219
11.655
10.832
14.85
13.676
13.523
13.389
13.371
10.312
10.638
10.946
10.988
10.797
10.898
10.948
10.093
10.03
10.883
10.679
10.558
10.588
10.395
10.069
8.6701
8.2074
7.7133
7.5596
7.5305
7.8877
8.3249
8.7065
10.048
10.235
10.265
10.131
8.7611
8.3898
8.024
7.8047
7.51
7.2252
7.3107
7.3313
9.9923
9.7856
9.5542
9.3058
9.0477
7.8659
7.7102
7.6238
7.5329
7.4385
6.557
7.2426
6.557
6.557
6.557
6.557
6.557
6.557
6.557
6.557
6.557
6.557
6.557
6.557
6.557
6.557
6.557
6.557
6.557
6.557
6.557
6.557
6.557
6.557
6.557
6.557
6.557
6.557
6.557
6.557
6.557
6.557
6.557
6.557
6.557
6.557
6.557
6.557
6.557
6.557
6.557
6.557
6.557
6.557
6.557
6.557
6.557
6.557
6.557
6.557
6.557
6.557
6.557
6.557
6.557
6.557
6.557
6.557
6.557
6.557
6.557
6.557
6.557
6.557
6.557
6.557
6.557
6.557
6.557
6.557
6.557
6.557
6.557
6.557
6.557
6.557
6.557
6.557
6.557
6.557
6.557
6.557
6.557
6.557
6.557
6.557
6.557
6.557
6.557
6.557
6.557
6.557
6.557
6.557
6.557
6.557
6.557
6.557
6.557
6.557
6.557
6.557
6.557
6.557
6.557
6.557
6.557
6.557
6.557
6.557
6.557
6.557
6.557
6.557
6.557
6.557
6.557
6.557
6.557
6.557
6.557
