20.522
20.522
20.522
20.522
20.522
20.522
20.522
20.522
20.522
20.522
20.522
20.522
20.522
20.522
20.522
20.522
20.522
20.522
20.522
20.522
20.522
20.522
20.522
20.522
20.522
20.522
20.522
20.522
20.522
20.522
20.522
20.522
20.522
20.522
20.522
20.522
20.522
20.522
20.522
20.522
20.522
20.522
20.522
20.522
20.522
20.522
22.049
32.866
35.21
35.21
35.21
28.222
24.465
24.566
36.556
41.91
21.911
31.911
41.911
31.911
31.911
27.953
25.109
34.566
34.566
44.566
43.503
36.374
35.21
30.685
27.866
28.595
34.378
32.446
27.866
27.866
27.866
27.866
27.866
27.866
27.866
29.786
34.289
34.755
29.257
27.866
27.866
27.866
27.866
27.866
27.774
24.334
20.522
20.522
20.522
22.343
25.285
27.405
27.803
27.822
31.049
37.222
37.222
29.878
29.878
19.878
19.878
19.878
19.878
19.878
19.878
29.878
31.313
29.878
29.878
29.878
29.878
29.878
29.878
29.878
29.852
29.352
27.786
26.385
20.522
20.522
20.522
20.522
20.522
20.522
20.522
20.522
20.522
20.522
20.522
20.522
20.522
20.522
20.522
20.522
20.522
20.522
20.522
20.522
20.522
20.522
20.522
20.522
20.522
20.522
20.522
20.522
20.522
20.522
20.522
20.522
20.522
20.522
20.522
20.522
20.522
20.522
20.522
20.522
20.522
20.522
20.522
20.522
20.522
20.522
20.522
20.522
20.522
20.522
20.522
20.522
20.522
20.522
20.522
20.522
20.522
20.522
20.522
20.522
20.522
20.522
20.522
20.522
20.522
20.522
20.522
20.522
20.522
20.522
20.522
20.522
20.522
20.522
20.522
20.522
20.522
20.522
20.522
20.522
20.522
20.522
20.522
20.522
20.522
20.522
20.522
20.522
20.522
20.522
20.522
20.522
20.522
20.522
20.522
20.522
20.522
20.522
20.522
20.522
20.522
20.522
20.522
20.522
20.522
20.522
20.522
20.522
20.522
20.522
20.522
20.522
20.522
20.522
20.522
20.522
