20.522
20.522
20.522
20.522
20.522
20.522
20.522
20.522
20.522
20.522
20.522
20.522
20.522
20.522
20.522
20.522
20.522
20.522
20.522
20.522
20.522
20.522
20.522
20.522
20.522
20.522
20.522
20.522
20.522
20.522
20.522
20.522
20.522
20.522
20.522
20.522
20.522
20.522
20.522
20.522
20.522
20.522
20.522
20.522
21.261
27.866
27.866
34.635
35.21
35.21
40.498
34.566
35.04
51.911
51.911
51.911
51.911
50.715
47.851
34.566
34.566
44.566
44.566
31.162
25.21
25.21
23.776
56.599
63.682
79.839
80.61
81.341
81.847
81.393
70.456
69.322
67.62
65.055
62.475
71.663
35.21
35.21
35.21
25.004
17.866
25.828
17.866
17.866
51.911
27.866
27.866
35.21
35.21
27.866
27.866
27.866
17.866
17.866
20.522
17.866
17.866
17.866
27.866
27.866
27.866
27.866
24.488
20.522
20.522
20.522
20.522
20.522
20.522
20.522
20.522
20.522
20.522
20.522
20.522
20.522
20.522
20.522
20.522
20.522
20.522
20.522
20.522
20.522
20.522
20.522
20.522
20.522
26.673
26.96
26.432
25.976
25.453
24.873
24.285
23.726
23.176
22.632
22.112
21.603
21.033
20.522
20.522
20.522
20.522
20.522
20.522
20.522
20.522
20.522
20.522
20.522
20.522
20.522
20.522
20.522
20.522
20.522
20.522
20.522
20.522
20.522
20.522
20.522
20.522
20.522
20.522
20.522
20.522
20.522
20.522
20.522
20.522
20.522
20.522
20.522
20.522
20.522
20.522
20.522
20.522
20.522
20.522
20.522
20.522
20.522
20.522
20.522
20.522
20.522
20.522
20.522
20.522
20.522
20.522
20.522
20.522
20.522
20.522
20.522
20.522
20.522
20.522
20.522
20.522
20.522
20.522
20.522
20.522
20.522
20.522
20.522
20.522
20.522
20.522
20.522
20.522
20.522
20.522
20.522
20.522
20.522
20.522
20.522
20.522
20.522
20.522
20.522
20.522
20.522
20.522
20.522
20.522
20.522
20.522
20.522
