6.557
6.557
6.557
6.557
6.557
6.557
6.557
6.557
6.557
6.557
6.557
6.557
6.557
6.557
6.557
6.557
6.557
6.557
6.557
6.557
6.557
6.557
6.557
6.557
6.557
6.557
6.557
6.5789
6.6134
6.6566
6.7231
6.7947
6.8721
6.9561
7.0476
7.1476
7.2574
7.3873
7.5461
7.7223
7.9189
8.1395
8.3887
8.6719
8.9961
9.3692
9.8263
10.352
10.949
11.601
12.25
12.785
13.116
13.272
13.362
13.473
13.598
13.701
13.74
13.667
13.459
13.196
13.206
13.378
14.185
15.866
15.477
13.31
12.201
11.566
11.235
11.122
11.209
11.539
12.212
13.269
13.674
12.667
11.762
11.274
11.094
11.16
11.51
12.327
14.118
12.765
13.237
11.668
10.982
10.515
10.273
10.144
10.104
10.155
10.317
10.646
11.279
12.586
11.563
13.627
11.634
10.587
9.9755
9.5668
9.2665
9.0295
8.8413
8.6899
8.5523
8.4233
8.3001
8.181
8.0655
7.9536
7.672
7.5465
7.464
7.3851
7.3099
7.2386
7.1711
7.1074
7.0474
6.9981
6.9585
6.9205
6.8842
6.8495
6.8162
6.7843
6.7538
6.8023
7.1661
7.4979
7.4623
7.4452
7.4437
7.4212
7.3797
7.3402
7.3024
7.266
7.2309
7.1968
7.1634
7.1598
7.164
7.1682
7.1721
7.1758
7.1759
7.1708
7.1658
7.1608
7.1558
7.1508
7.1457
7.1406
7.1356
7.1065
7.0711
7.0351
6.9986
6.9616
6.924
6.886
6.8475
6.8085
6.7691
6.7292
6.6889
6.557
6.607
6.557
6.557
6.557
6.557
6.557
6.557
6.557
6.557
6.557
6.557
6.557
6.557
6.557
6.557
6.557
6.557
6.557
6.557
6.557
6.557
6.557
6.557
6.557
6.557
6.557
6.557
6.557
6.557
6.557
6.557
6.557
6.557
6.557
6.557
6.557
6.557
6.557
6.557
6.557
6.557
6.557
6.557
6.557
6.557
6.557
6.557
6.557
6.557
6.557
6.557
6.557
6.557
6.557
6.557
6.557
6.557
6.557
6.557
6.557
6.557
6.557
6.557
6.557
6.557
6.557
6.557
6.557
