20.522
20.522
20.522
20.522
20.522
20.522
20.522
20.522
20.522
20.522
20.522
20.522
20.522
20.522
20.522
20.522
20.522
20.522
20.522
20.522
20.923
21.97
23.232
24.686
25.297
25.922
29.704
30.954
31.787
34.107
35.323
36.611
37.949
39.302
41.474
43.304
45.013
46.515
47.919
49.302
50.707
52.009
53.173
54.209
55.099
56.921
57.84
58.733
59.663
60.633
61.399
61.95
62.407
62.652
63.78
64.109
64.502
64.74
64.749
64.827
64.993
64.927
64.598
64.06
63.519
62.997
62.401
61.82
62.817
62.805
62.623
62.34
60.351
58.538
58.489
58.861
58.916
58.514
55.208
54.33
53.989
52.438
52.364
52.269
50.337
49.539
48.799
58.13
56.096
55.282
54.988
54.602
54.065
53.303
52.207
50.708
49.059
47.715
46.567
44.845
43.963
43.067
42.193
41.292
40.355
39.413
38.368
37.149
35.958
34.42
33.58
32.779
32.039
31.387
30.821
30.309
29.786
29.264
28.755
28.267
27.806
26.565
24.51
22.451
20.522
20.522
20.522
20.522
20.522
20.522
20.522
20.522
20.522
20.522
20.522
20.522
20.522
20.522
20.522
20.522
20.522
20.522
20.522
20.522
20.522
20.522
20.522
20.522
20.522
21.798
21.622
21.464
21.329
21.218
21.131
21.064
21.015
20.981
20.959
20.947
20.942
20.942
20.945
20.95
20.954
20.957
20.957
20.952
20.943
20.927
20.905
20.875
20.837
20.792
20.738
20.678
20.61
20.538
20.522
20.522
20.522
20.522
20.522
20.522
20.522
20.522
20.522
20.522
20.522
20.522
20.522
20.522
20.522
20.522
20.522
20.522
20.522
20.522
20.522
20.522
20.522
20.522
20.522
20.522
20.522
20.522
20.522
20.522
20.522
20.522
20.522
20.522
20.522
20.522
20.522
20.522
20.522
20.522
20.522
20.522
20.522
20.522
20.522
20.522
20.522
20.522
20.522
20.522
20.522
20.522
20.522
20.522
20.522
20.522
20.522
20.522
20.522
20.522
20.522
20.522
