20.522
20.522
20.522
20.522
20.522
20.522
20.522
20.522
20.522
20.522
20.522
20.522
20.522
20.522
20.522
20.522
20.522
20.522
20.522
20.522
20.522
20.522
20.522
20.522
20.522
20.522
20.522
20.522
20.522
20.522
20.522
21.379
21.932
22.578
23.512
24.517
25.626
26.834
28.144
29.696
31.407
33.252
35.319
37.934
40.832
43.503
45.451
47.071
48.719
50.714
52.324
53.893
55.022
55.778
56.601
57.477
58.468
59.634
60.502
61.208
61.768
62.235
62.806
63.516
64.185
64.313
63.479
62.805
62.284
61.761
63.077
64.262
62.772
61.323
59.657
58.444
57.767
57.994
57.873
57.483
56.659
55.936
55.503
55.199
54.973
54.822
54.954
55.191
55.391
55.637
55.357
54.94
54.573
54.113
54.005
54.136
54.252
54.246
53.598
52.362
51.111
50.02
49.001
48.062
47.221
46.135
32.735
29.689
29.215
38.697
38.154
37.42
36.646
35.993
34.761
34.432
34.145
33.898
33.665
33.339
32.989
32.627
30.764
28.509
28.188
27.94
27.752
27.593
27.458
27.341
27.239
27.151
27.073
27.004
26.942
26.886
26.835
27.528
23.25
20.522
20.522
20.522
20.522
20.522
20.522
20.522
20.522
20.522
20.522
20.522
20.522
20.522
20.522
20.522
20.522
20.522
20.522
20.522
20.522
20.522
20.522
20.522
20.522
20.522
20.522
20.522
20.522
20.522
20.522
20.522
20.522
20.522
20.522
20.522
20.522
20.522
20.522
20.522
20.522
20.522
20.522
20.522
20.522
20.522
20.522
20.522
20.522
20.522
20.522
20.522
20.522
20.522
20.522
20.522
20.522
20.522
20.522
20.522
20.522
20.522
20.522
20.522
20.522
20.522
20.522
20.522
20.522
20.522
20.522
20.522
20.522
20.522
20.522
20.522
20.522
20.522
20.522
20.522
20.522
20.522
20.522
20.522
20.522
20.522
20.522
20.522
20.522
20.522
20.522
20.522
20.522
20.522
20.522
20.522
20.522
20.522
20.522
20.522
20.522
20.522
