20.522
20.522
20.522
20.522
20.522
20.522
20.522
20.522
20.522
20.522
20.522
20.522
20.522
20.522
20.522
20.522
20.522
20.522
20.522
20.522
20.522
20.522
20.522
20.522
20.522
20.522
20.522
20.79
21.272
21.873
22.783
23.746
24.776
25.911
27.178
28.548
29.956
31.411
33.282
35.472
38.041
40.899
42.747
44.198
45.432
46.775
48.646
50.162
51.64
53.058
54.014
54.709
55.307
55.873
56.606
57.78
59.3
60.186
60.697
61.185
61.731
62.155
64.303
63.902
53.523
53.646
54.147
54.044
64.762
63.88
63.012
61.782
60.702
60.121
59.832
49.685
48.514
47.631
56.983
56.468
56.116
55.777
55.494
55.334
45.392
45.393
45.135
53.733
55.001
54.702
54.846
54.693
54.612
54.623
54.2
53.035
51.745
40.591
49.677
38.731
37.55
46.442
45.493
44.631
43.842
43.135
42.639
42.263
41.524
40.326
39.027
37.99
37.109
36.376
33.277
32.241
31.635
30.999
30.258
29.267
28.356
27.564
26.839
26.287
25.895
25.438
24.95
24.463
24.002
23.573
23.155
23.816
28.606
32.473
32.006
31.805
31.791
31.553
31.146
30.663
30.141
29.625
29.146
28.679
28.226
28.181
28.242
28.302
28.36
28.415
28.416
28.341
28.268
28.195
28.124
28.055
27.988
27.923
27.861
27.513
27.095
26.684
26.292
25.928
25.483
24.975
24.436
23.899
23.365
22.82
22.282
20.522
21.184
20.522
20.522
20.522
20.522
20.522
20.522
20.522
20.522
20.522
20.522
20.522
20.522
20.522
20.522
20.522
20.522
20.522
20.522
20.522
20.522
20.522
20.522
20.522
20.522
20.522
20.522
20.522
20.522
20.522
20.522
20.522
20.522
20.522
20.522
20.522
20.522
20.522
20.522
20.522
20.522
20.522
20.522
20.522
20.522
20.522
20.522
20.522
20.522
20.522
20.522
20.522
20.522
20.522
20.522
20.522
20.522
20.522
20.522
20.522
20.522
20.522
20.522
20.522
20.522
20.522
20.522
20.522
