20.522
20.522
20.522
20.522
20.522
20.522
20.522
20.522
20.522
20.522
20.522
20.522
20.522
20.522
20.522
20.522
20.522
20.522
20.522
20.522
20.522
20.522
20.79
21.305
21.856
22.442
24.728
25.872
26.851
27.902
29.066
30.44
31.793
33.174
34.741
36.455
38.31
40.416
42.448
44.317
45.926
47.365
48.913
50.471
51.799
53.236
54.401
55.15
55.966
56.798
57.718
58.791
60.013
60.817
61.472
61.921
62.365
62.881
64.044
64.709
65.317
65.565
65.714
65.718
65.609
65.347
64.884
64.083
63.455
62.692
62.191
62.166
62.004
61.624
61.034
60.22
63.51
62.732
62.099
57.654
59.926
60.493
60.24
58.073
57.999
57.99
57.363
56.813
56.223
55.71
55.53
55.425
55.309
54.993
54.495
53.536
52.463
51.312
50.006
48.462
47.147
46.085
45.153
44.322
43.476
42.646
41.828
40.832
39.713
38.314
37.169
36.162
35.249
34.421
33.49
32.479
30.405
29.62
28.92
28.254
27.613
27.003
26.611
26.353
26.123
25.888
25.62
25.335
25.04
24.741
24.446
24.158
23.884
23.618
23.353
23.093
22.274
20.625
20.522
20.522
20.522
22.626
24.83
26.594
26.414
26.249
26.098
25.944
25.776
25.599
25.417
25.231
25.087
25.2
25.311
25.421
25.528
25.631
25.708
25.71
25.712
25.714
25.716
25.716
25.716
25.715
25.713
25.527
25.272
24.995
24.7
24.391
24.075
23.757
23.427
23.084
22.732
22.377
22.025
21.667
21.258
20.84
20.522
20.522
20.522
20.522
20.522
20.522
20.522
20.522
20.522
20.522
20.522
20.522
20.522
20.522
20.522
20.522
20.522
20.522
20.522
20.522
20.522
20.522
20.522
20.522
20.522
20.522
20.522
20.522
20.522
20.522
20.522
20.522
20.522
20.522
20.522
20.522
20.522
20.522
20.522
20.522
20.522
20.522
20.522
20.522
20.522
20.522
20.522
20.522
20.522
20.522
20.522
20.522
20.522
20.522
20.522
20.522
20.522
20.522
