6.557
6.557
6.557
6.557
6.557
6.557
6.557
6.557
6.557
6.557
6.557
6.557
6.557
6.557
6.557
6.557
6.557
6.557
6.557
6.557
6.557
6.557
6.5769
6.615
6.6553
6.6981
6.8686
6.9539
7.0247
7.1002
7.1856
7.291
7.4036
7.5241
7.6532
7.7916
7.9398
8.0987
8.2687
8.4706
8.6858
8.9137
9.1532
9.4021
9.657
9.913
10.164
10.402
10.635
10.849
11.033
11.188
11.313
11.41
11.479
11.523
11.544
11.553
11.603
11.615
11.618
11.607
11.574
11.507
11.406
11.276
11.135
11
10.884
10.793
10.743
10.715
10.698
10.683
10.664
10.641
10.921
10.923
10.955
10.729
11.013
11.171
11.253
11.161
11.185
11.172
11.121
11.031
10.905
10.76
10.626
10.502
10.393
10.297
10.211
10.124
10.023
9.8984
9.7459
9.5689
9.3759
9.1909
9.0103
8.8357
8.6697
8.5133
8.3667
8.2291
8.0997
7.9877
7.8911
7.7992
7.7117
7.628
7.5478
7.471
7.3217
7.2661
7.2123
7.1604
7.1102
7.0617
7.0285
7.0046
6.981
6.9578
6.935
6.9127
6.8907
6.8693
6.8482
6.8276
6.8074
6.7876
6.7682
6.7492
6.6883
6.5659
6.557
6.557
6.557
6.7149
6.8756
7.027
7.0104
6.9942
6.9784
6.9631
6.948
6.9333
6.9189
6.9048
6.8942
6.9025
6.9109
6.9192
6.9276
6.9359
6.9423
6.9425
6.9426
6.9428
6.9429
6.943
6.9429
6.9429
6.9427
6.9275
6.9079
6.8875
6.8663
6.8443
6.8215
6.798
6.7736
6.7485
6.7227
6.6961
6.6688
6.6408
6.612
6.5826
6.557
6.557
6.557
6.557
6.557
6.557
6.557
6.557
6.557
6.557
6.557
6.557
6.557
6.557
6.557
6.557
6.557
6.557
6.557
6.557
6.557
6.557
6.557
6.557
6.557
6.557
6.557
6.557
6.557
6.557
6.557
6.557
6.557
6.557
6.557
6.557
6.557
6.557
6.557
6.557
6.557
6.557
6.557
6.557
6.557
6.557
6.557
6.557
6.557
6.557
6.557
6.557
6.557
6.557
6.557
6.557
6.557
6.557
