198.36
198.36
198.36
198.36
198.36
198.36
198.36
198.36
198.36
198.36
198.36
198.36
198.36
198.36
198.36
198.36
198.36
198.36
198.36
198.36
198.36
198.36
198.36
198.36
198.36
198.36
198.36
198.36
198.36
198.36
198.36
198.36
198.36
198.36
198.36
198.36
198.36
198.36
198.36
198.36
198.36
198.36
198.36
198.36
198.36
198.36
198.36
198.36
198.36
198.36
198.36
198.36
198.36
198.36
198.36
198.36
198.36
198.36
198.36
198.36
198.36
198.36
198.36
198.36
198.36
198.36
198.36
198.36
198.36
198.36
198.36
198.36
198.36
198.36
198.36
198.36
198.36
202.74
207.72
197.72
197.72
197.72
197.72
197.72
205.06
219.75
219.75
219.7
197.72
197.72
197.72
207.72
207.35
198.36
198.36
198.36
198.36
198.36
198.36
198.36
198.36
198.36
198.36
198.36
198.36
198.36
198.36
198.36
198.36
198.36
198.36
198.36
198.36
198.36
198.36
198.36
198.36
198.36
198.36
198.36
198.36
198.36
198.36
198.36
198.36
198.36
198.36
198.36
198.36
198.36
198.36
198.36
198.36
198.36
198.36
198.36
198.36
198.36
200.47
205.71
195.71
195.71
195.71
195.71
195.71
195.71
195.71
201.32
245.7
299.26
320.3
326.45
333.69
348.6
353.08
356.59
360.41
363.79
366.18
358.53
361
361.94
372.64
364.91
366.68
377.06
376.72
375.16
374.2
373.41
372.13
370.81
368.56
357.17
364.8
362.36
360.25
358
356
352.62
359.15
345.71
342.03
338.65
335.95
332.85
338.97
335.58
332.56
328.78
324.46
320.01
315.21
309.57
305.08
300.74
295.91
290.75
287.64
284.61
280.99
277.3
272.25
266.18
260.05
254.91
250.01
244.91
240.06
235.79
232.18
228.29
225.42
223.19
221.07
218.47
215.19
211.41
207.44
204.39
202.28
200.47
199.41
198.46
198.38
198.36
198.36
198.36
198.36
198.36
198.36
198.36
198.36
198.36
198.36
198.36
198.36
198.36
198.36
198.36
