198.36
198.36
198.36
198.36
198.36
198.36
198.36
198.36
198.36
198.36
198.36
198.36
198.36
198.36
198.36
198.36
198.36
198.36
198.36
198.36
198.36
198.36
198.36
198.36
198.36
198.36
198.36
198.36
198.36
198.36
198.36
198.36
198.36
198.36
198.36
198.36
198.36
198.36
198.36
198.36
198.36
198.36
198.36
198.36
198.36
198.36
198.36
198.36
198.36
198.36
198.36
198.36
198.36
198.36
198.36
198.36
198.36
198.36
198.36
198.36
198.36
198.36
198.36
198.36
198.36
198.36
198.36
198.36
198.36
198.36
198.36
198.36
198.36
198.36
198.36
198.36
200.05
207.72
207.72
197.72
197.72
197.72
197.72
197.72
197.72
197.72
197.72
197.72
197.72
197.72
207.72
204.27
198.36
198.36
198.36
198.36
198.36
198.36
198.36
198.36
198.36
198.36
198.36
198.36
198.36
198.36
198.36
198.36
198.36
198.36
198.36
198.36
198.36
198.36
198.36
198.36
198.36
198.36
198.36
198.36
198.36
198.36
198.36
198.36
198.36
198.36
198.36
198.36
198.36
198.36
198.36
198.36
198.36
198.36
198.36
198.36
198.36
198.36
198.36
198.36
198.36
198.36
202.32
205.71
205.71
200.78
205.06
205.06
195.06
195.06
195.06
195.06
249.97
296.59
315.11
320.63
336.11
331.91
336.3
339.3
344.4
338.86
354.77
359.19
363.03
367.52
372.77
386.64
388.59
387.29
376.63
377.31
376.6
384.62
363.18
361.93
380.21
378
376.15
375.38
374.3
375.01
374.58
372.35
370.1
358.72
356.24
372.6
368.73
364.5
360.07
355.84
352.51
349.23
345.78
340.65
336.58
332.91
328.39
324.87
320.38
314.8
310.02
304.71
298.41
292.93
287.4
282.06
277.41
274.8
272.08
268.05
263.88
259.22
254.53
249.45
244.17
238.48
232.66
228.46
224.4
221.45
219.79
218.47
217.02
215.6
214.05
211.23
208.73
206.08
203.44
200.66
198.77
198.36
198.36
198.36
198.36
198.36
198.36
198.36
