198.36
198.36
198.36
198.36
198.36
198.36
198.36
198.36
198.36
198.36
198.36
198.36
198.36
198.36
198.36
198.36
198.36
198.36
198.36
198.36
198.36
198.36
198.36
198.36
198.36
198.36
198.36
198.36
198.36
198.36
198.36
198.36
198.36
198.36
198.36
198.36
198.36
198.36
198.36
198.36
198.36
205.71
198.36
198.36
198.36
202.56
208.47
213.05
203.05
203.05
196.72
202.4
202.41
206.82
199.75
199.75
189.75
189.75
197.1
187.1
187.1
202.41
202.41
202.41
202.41
199.91
203.05
203.05
199.53
199.75
209.49
211.28
211.12
210.94
197.64
195.71
195.71
195.71
195.72
202.42
203.05
203.05
203.05
203.05
200.23
195.71
195.71
195.71
195.71
195.71
205.71
205.71
210.14
207.28
205.71
205.71
195.71
195.71
195.71
195.71
195.71
195.71
195.71
206.6
210.01
210.4
206.94
207.48
207.57
205.06
204.95
206.36
205.75
205.64
216.76
218.45
220.97
223.59
225.01
198.36
226.02
198.36
198.36
198.36
201.11
229.73
231.57
232.89
235.61
238.54
241.18
243.26
244.53
245.29
245.25
244.82
244.14
243.53
244.06
245.03
244.98
244.37
242.61
239.09
235.37
233.09
230.92
228.91
227.01
226.38
226.37
226.32
225.1
225.46
225.91
226.47
215.59
215.04
215.26
215.9
205.85
191.4
194.25
199.54
207.55
195.3
199.54
199.54
199.54
204.76
208.48
199.54
199.54
209.5
214.6
204.25
204.25
214.25
212.08
208.95
208.95
208.95
208.54
203.66
203.66
203.66
203.4
198.36
198.36
198.36
198.36
198.36
198.36
198.36
198.36
198.36
198.36
198.36
198.36
198.36
198.36
198.36
198.36
198.36
198.36
198.36
198.36
198.36
198.36
198.36
198.36
198.36
198.36
198.36
198.36
198.36
198.36
198.36
198.36
198.36
198.36
198.36
198.36
198.36
198.36
198.36
198.36
198.36
198.36
198.36
198.36
198.36
198.36
198.36
198.36
198.36
198.36
198.36
198.36
198.36
