6.7556
6.7556
6.7556
6.7556
6.7556
6.7556
6.7556
6.7556
6.7556
6.7556
6.7556
6.7556
6.7556
6.7556
6.7556
6.7556
6.7556
6.7556
6.7556
6.7556
6.7556
6.7556
6.7556
6.7556
6.7556
6.7556
6.7556
6.7556
6.7556
6.7556
6.7556
6.7556
6.7556
6.7556
6.7556
6.7556
6.7556
6.7556
6.7556
6.7556
6.7556
6.7556
6.7556
6.7556
6.7556
6.7556
6.7689
6.8815
7.013
7.1432
7.2713
7.5966
7.774
7.8968
7.6197
7.9933
8.2575
8.2812
8.144
8.0663
8.0123
7.874
7.7595
7.5962
7.5236
7.4419
7.2373
7.1229
7.0497
6.9724
6.9232
6.8948
6.9066
6.9091
6.9111
6.9487
6.9765
6.9917
6.9924
6.9785
6.9519
6.9317
6.9304
6.9174
6.8928
6.9
6.9083
6.9048
6.8899
6.8648
6.8311
6.7905
6.7556
6.7556
6.7556
6.7714
6.8004
6.8211
6.8323
6.8333
6.8548
7.3439
7.3589
6.9546
7.0051
7.1787
7.211
7.2315
7.2316
7.2106
7.1758
7.2111
7.2344
7.2155
7.2192
7.3607
7.3965
7.3621
7.3041
7.3582
7.4661
7.5145
7.5545
7.577
7.3951
7.3944
7.4
7.3956
7.2821
7.2538
7.452
7.544
7.6064
7.5421
7.5106
7.4855
7.4689
7.4605
7.4453
7.4266
7.4178
7.3817
7.3836
7.4289
7.419
7.4302
7.4156
7.4364
7.4959
7.5219
7.5516
7.2018
7.2003
7.2517
7.3462
7.3904
7.4044
7.3765
7.4064
7.3925
7.3569
7.2918
7.2821
7.2705
7.2413
7.198
7.1889
7.1505
7.0884
7.0186
6.9928
6.9621
6.9143
6.8645
6.8576
6.8182
6.7756
6.7556
6.7556
6.7556
6.7556
6.7556
6.7556
6.7556
6.7556
6.7556
6.7556
6.7556
6.7556
6.7556
6.7556
6.7556
6.7556
6.7556
6.7556
6.7556
6.7556
6.7556
6.7556
6.7556
6.7556
6.7556
6.7556
6.7556
6.7556
6.7556
6.7556
6.7556
6.7556
6.7556
6.7556
6.7556
6.7556
6.7556
6.7556
6.7556
6.7556
6.7556
6.7556
6.7556
6.7556
6.7556
6.7556
6.7556
6.7556
6.7556
6.7556
6.7556
6.7556
6.7556
6.7556
6.7556
6.7556
6.7556
6.7556
6.7556
6.7556
6.7556
6.7556
6.7556
