198.36
198.36
198.36
198.36
198.36
198.36
198.36
198.36
198.36
198.36
198.36
198.36
198.36
198.36
198.36
198.36
198.36
198.36
198.36
198.36
198.36
198.36
198.36
198.36
198.36
198.36
198.36
198.36
198.36
198.36
198.36
198.36
198.36
198.36
198.36
198.36
198.36
198.36
198.36
198.36
198.36
198.36
198.36
198.36
198.36
198.36
198.36
198.36
198.36
198.36
198.36
198.36
198.36
198.36
198.36
198.36
198.36
198.36
198.36
198.36
198.36
198.36
198.36
198.36
198.36
198.36
198.36
198.36
198.36
198.36
198.36
198.36
198.36
198.36
198.36
198.36
198.36
198.36
198.36
205.26
207.72
197.72
197.72
197.72
197.72
197.72
197.72
197.72
197.72
197.72
197.72
207.72
207.71
199.58
198.36
198.36
198.36
198.36
198.36
198.36
198.36
198.36
198.36
198.36
198.36
198.36
205.71
198.36
198.36
198.36
198.36
198.36
198.36
198.36
198.36
198.36
198.36
198.36
198.36
198.36
198.36
198.36
198.36
198.36
198.36
198.36
198.36
198.36
198.36
198.36
198.36
198.36
198.36
200.62
205.71
205.71
195.71
195.71
201.86
203.05
203.05
203.05
247.82
279.31
212.27
216.91
271.47
316.38
331.68
336.14
339.48
342.95
346.34
340.81
344.82
347.79
350.92
353.46
355.35
355.73
355.18
354.27
353.58
353.31
351.58
349.54
348.13
345.89
343.68
341.63
349.76
348.17
346.01
343.85
340.41
336.66
333.17
340.76
337.88
333.63
329.08
324.28
320.14
315.88
312.64
308.52
304.61
301.61
299.15
294.26
290.89
287.38
283.18
277.34
271.29
265.53
260.4
255.75
252.29
249.24
245.55
241.59
238.25
234.21
230.22
227.26
223.94
220.64
217.12
214.25
212.29
210.77
209.17
207.48
207.24
207.25
207.15
206.95
206.69
206.36
205.98
204.82
203.93
203.49
203
202.46
201.9
200.81
200.23
199.74
199.24
198.75
198.36
198.36
198.36
198.36
198.36
198.36
198.36
198.36
