6.7556
6.7556
6.7556
6.7556
6.7556
6.7556
6.7556
6.7556
6.7556
6.7556
6.7556
6.7556
6.7556
6.7556
6.7556
6.7556
6.7556
6.7556
6.7556
6.7556
6.7556
6.7556
6.7556
6.7556
6.7556
6.7556
6.7556
6.7556
6.7556
6.7556
6.7568
6.7586
6.7619
6.767
6.7724
6.7815
6.7913
6.8021
6.814
6.8271
6.8432
6.8626
6.8844
6.9092
6.9388
6.9745
7.0162
7.0659
7.1268
7.2032
7.3021
7.4353
7.6215
7.8844
8.1509
8.1386
7.9206
7.8701
7.9465
8.0132
7.9175
7.8254
7.7324
7.6161
7.5155
7.4419
7.389
7.3717
7.3483
7.3163
7.2867
7.2617
7.2428
7.2309
7.2255
7.2282
7.2322
7.2505
7.252
7.2462
7.236
7.2255
7.2173
7.2139
7.2133
7.2125
7.2093
7.2026
7.1925
7.1816
7.1705
7.1614
7.1685
7.1754
7.1927
7.1986
7.2184
7.2475
7.2569
7.2652
7.2727
7.3371
7.3659
7.3339
7.3559
7.383
7.4272
7.4495
7.4618
7.4478
7.3954
7.4411
7.4511
7.4519
7.4682
7.4874
7.5188
7.5752
7.8032
8.4225
9.0073
9.1414
9.2718
9.379
9.3766
8.6972
7.8727
7.8816
7.8798
7.8651
8.2759
9.0762
9.7092
9.7122
9.7046
9.6961
9.6834
9.6615
9.6375
9.613
9.5996
9.5752
9.5288
9.4652
9.4058
9.3582
9.3132
9.274
9.2425
9.2225
9.2012
8.3366
7.977
7.5432
7.4998
7.4699
7.4057
7.3747
7.3636
7.3401
7.3007
7.2338
7.2144
7.1926
7.1636
7.129
7.0822
7.0519
7.0295
7.0038
6.9791
6.9588
6.9444
6.9339
6.9232
6.9129
6.9028
6.8795
6.8714
6.8639
6.8571
6.8508
6.8451
6.8398
6.835
6.8305
6.8143
6.811
6.808
6.8052
6.8004
6.7897
6.7879
6.7862
6.7847
6.774
6.7731
6.7722
6.7714
6.7706
6.7626
6.7622
6.7619
6.7616
6.7556
6.7556
6.7556
6.7556
6.7556
6.7556
6.7556
6.7556
6.7556
6.7556
6.7556
6.7556
6.7556
6.7556
6.7556
6.7556
6.7556
6.7556
6.7556
6.7556
6.7556
6.7556
6.7556
6.7556
6.7556
6.7556
6.7556
6.7556
6.7556
6.7556
6.7556
6.7556
6.7556
6.7556
6.7556
6.7556
