198.36
198.36
198.36
198.36
198.36
198.36
198.36
198.36
198.36
198.36
198.36
198.36
198.36
198.36
198.36
198.36
198.36
198.36
198.36
198.36
198.36
198.36
198.36
198.36
198.36
198.36
198.36
198.36
198.36
198.36
198.36
198.36
198.36
198.36
198.36
198.36
198.36
198.36
198.36
198.36
198.36
198.36
198.36
198.36
198.36
198.36
198.36
198.36
200.02
211.12
213.05
213.05
203.05
196.32
202.1
202.41
202.41
207.86
209.75
209.75
219.7
215.19
202.39
196.9
205.06
215.06
214.46
209.86
207.41
201.69
199.74
198.36
198.36
198.36
198.36
198.36
200.61
202.2
202.86
202.64
201.62
199.35
198.36
198.36
198.36
198.36
198.36
198.36
198.36
198.36
198.36
198.36
198.36
198.36
198.36
198.36
198.36
198.36
198.36
200.73
207.39
207.72
207.72
197.72
197.72
197.72
197.72
197.72
197.72
197.72
197.72
197.72
207.72
211.77
212.49
209.03
203.05
203.05
193.05
197.83
200.39
200.39
200.39
200.39
205.58
203.46
198.35
198.35
200.17
203.39
196.74
186.3
196.3
196.3
192.5
188.95
198.95
206.88
202.8
198.95
198.95
208.95
200.86
203.49
198.95
198.95
198.95
211.77
214.25
214.25
214.06
209.55
210.48
213.42
212.85
208.95
208.95
208.56
204.9
204.98
203.99
201.15
199.72
198.36
198.36
198.36
198.36
198.36
198.36
198.36
198.36
198.36
198.36
198.36
198.36
198.36
198.36
198.36
198.36
198.36
198.36
198.36
198.36
198.36
198.36
198.36
198.36
198.36
198.36
198.36
198.36
198.36
198.36
198.36
198.36
198.36
198.36
198.36
198.36
198.36
198.36
198.36
198.36
198.36
198.36
198.36
198.36
198.36
198.36
198.36
198.36
198.36
198.36
198.36
198.36
198.36
198.36
198.36
198.36
198.36
198.36
198.36
198.36
198.36
198.36
198.36
198.36
198.36
198.36
198.36
198.36
198.36
198.36
198.36
198.36
198.36
198.36
198.36
198.36
198.36
