6.7556
6.7556
6.7556
6.7556
6.7556
6.7556
6.7556
6.7556
6.7556
6.7556
6.7556
6.7556
6.7556
6.7556
6.7556
6.7556
6.7556
6.7556
6.7556
6.7556
6.7556
6.7556
6.7556
6.7556
6.7556
6.7556
6.7556
6.7556
6.7556
6.7556
6.7556
6.7556
6.7556
6.7556
6.7556
6.7556
6.7556
6.7556
6.7556
6.7556
6.7556
6.7556
6.7556
6.7556
6.762
6.8496
6.9341
7.0773
7.1844
7.2747
7.3949
7.5178
7.5979
7.715
7.7877
7.8144
7.7536
7.6496
7.5806
7.6261
7.6544
7.6027
7.5486
7.5117
7.4936
7.3207
7.2907
7.9355
7.8804
7.8518
7.8102
7.7952
7.808
7.8462
7.9103
7.9788
7.9824
7.9104
7.8095
7.7471
7.308
7.3149
7.3027
7.3045
7.2713
6.8058
7.2875
7.1945
7.5331
7.0457
7.0006
7.024
7.0242
7.0014
7.045
7.1046
7.1877
7.2781
6.7556
7.2394
7.2425
7.1459
7.075
7.024
6.9827
6.8874
6.7922
6.7556
6.7556
6.7556
6.7556
6.7556
6.7556
6.7556
6.7556
6.7556
6.7556
6.7556
6.7556
6.7556
6.7556
6.7556
6.7692
6.865
6.9592
7.0139
7.0479
7.1004
7.1543
7.1818
7.1754
7.6219
8.192
8.4239
8.4547
8.4793
8.5203
8.5532
8.5696
8.5746
8.5615
8.5497
8.5321
8.5201
8.5061
8.487
8.4677
8.4406
8.4162
8.3908
8.354
8.3216
8.2935
8.2566
8.2097
8.1658
8.1358
8.1143
8.0835
8.0532
8.0255
7.9983
7.9788
7.9603
7.9353
7.9154
7.8945
7.8697
7.8333
7.7929
7.7713
7.1315
7.5996
7.5629
7.6833
7.2683
7.5372
7.5307
7.601
7.3399
7.3343
7.2452
7.1914
7.2029
7.2188
7.2227
7.1725
7.0153
7.0827
7.0513
7.0094
6.9459
6.8738
6.8583
6.8459
6.8357
6.7801
6.7556
6.7556
6.7556
6.7556
6.7556
6.7556
6.7556
6.7556
6.7556
6.7556
6.7556
6.7556
6.7556
6.7556
6.7556
6.7556
6.7556
6.7556
6.7556
6.7556
6.7556
6.7556
6.7556
6.7556
6.7556
6.7556
6.7556
6.7556
6.7556
6.7556
6.7556
6.7556
6.7556
6.7556
6.7556
6.7556
6.7556
6.7556
6.7556
6.7556
6.7556
6.7556
6.7556
