6.7556
6.7556
6.7556
6.7556
6.7556
6.7556
6.7556
6.7556
6.7556
6.7556
6.7556
6.7556
6.7556
6.7556
6.7556
6.7556
6.7556
6.7556
6.7556
6.7556
6.7556
6.761
6.7727
6.7774
6.7825
6.7878
6.8175
6.8257
6.8344
6.8493
6.8613
6.874
6.8874
6.9016
6.9165
6.9333
6.9521
6.9718
6.9923
7.0136
7.0356
7.0581
7.0807
7.1032
7.1253
7.1489
7.1709
7.1912
7.2095
7.2257
7.2394
7.2507
7.2596
7.2662
7.2723
7.2766
7.2789
7.2799
7.2807
7.2799
7.2775
7.2732
7.2672
7.2597
7.251
7.2417
7.2323
7.2234
7.2201
7.2149
7.2107
7.2072
7.2044
7.2022
7.2007
7.1862
7.1897
7.1959
7.2038
7.214
7.2251
7.2351
7.2788
7.3194
7.342
7.3615
7.3606
7.3369
7.3003
7.2619
7.2273
7.1992
7.1753
7.1545
7.1359
7.1184
7.1014
7.0845
7.0673
7.05
7.0326
7.0152
6.9995
6.9846
6.9956
6.9842
7.1152
6.9622
6.9558
6.9686
6.9712
7.1503
6.9795
6.9834
6.9871
6.9859
7.0011
7.0244
7.061
7.0938
7.1044
7.1119
7.1224
7.1613
7.1747
7.1894
7.2047
7.2209
7.2376
7.247
7.2816
7.3492
7.4432
7.5016
7.5499
7.594
7.6504
7.7308
7.7946
7.8569
7.9701
8.0884
8.5682
9.3436
10.099
9.2533
8.729
9.6721
10.56
10.668
10.754
10.81
10.854
10.9
10.942
10.976
11.017
11.058
11.077
11.096
11.125
11.139
11.124
11.06
10.992
10.918
10.854
10.794
10.729
10.644
10.548
10.436
10.314
10.215
10.115
10.009
9.8917
9.7845
9.6763
9.5708
9.4721
9.3804
9.2886
9.1899
9.107
9.0251
8.9322
8.8476
8.7754
8.7044
8.6359
8.5689
8.5056
8.4441
8.3814
8.3193
8.2597
8.1942
8.1246
8.0608
8
7.9348
7.8665
7.7945
7.7217
7.6537
7.5894
7.541
7.4972
7.4537
7.4152
7.3717
7.3289
7.2796
7.2341
7.1963
7.1544
7.1128
7.0798
7.0451
7.0127
6.9895
6.972
6.9554
6.9386
6.9161
6.8898
6.8653
6.8453
6.8211
6.7968
6.7754
6.7587
6.7556
6.7556
6.7556
6.7556
6.7556
6.7556
6.7556
