198.36
198.36
198.36
198.36
198.36
198.36
198.36
198.36
198.36
198.36
198.36
198.36
198.36
198.36
198.36
198.36
198.36
198.36
198.36
198.36
198.36
198.36
198.36
198.36
198.36
198.36
198.36
198.36
198.36
198.36
198.36
198.36
198.36
198.36
198.36
198.36
198.36
198.36
198.36
198.36
198.36
198.36
198.36
198.36
199.1
205.71
205.71
202.48
203.05
203.05
198.34
202.41
202.88
199.75
209.75
199.75
199.75
208.56
205.69
202.41
192.41
202.41
202.41
199
193.05
203.05
201.62
234.44
241.52
247.68
238.45
239.18
249.69
249.23
248.3
247.16
245.46
242.9
240.32
229.5
193.05
193.05
203.05
202.84
195.71
203.67
195.71
195.71
219.75
195.71
195.71
213.05
213.05
195.71
195.71
195.71
195.71
195.71
198.36
195.71
195.71
195.71
195.71
195.71
195.71
205.71
202.33
198.36
198.36
198.36
198.36
198.36
198.36
198.36
198.36
198.36
198.36
198.36
198.36
198.36
198.36
198.36
199.93
205.71
205.71
195.71
195.71
195.71
195.71
195.71
196.71
236.1
283.55
287.16
290.21
293.63
307.15
309.91
311.67
314.03
316.08
318.52
320.45
331.65
332.26
332.72
333.23
332.75
332.52
331.46
329.46
328.4
326.78
323.38
319.66
317.16
314.52
311.62
308.14
304.86
301.66
297.94
295.01
291.45
286.38
282.45
278.34
273.87
269.17
264.37
259.54
214.25
245.37
240.77
245.46
219.54
233.41
232.53
234.34
219.54
219.54
219.28
214.25
214.25
214.25
204.25
204.22
208.95
198.95
198.95
208.95
208.68
203.66
203.66
203.66
203.66
200.81
198.36
198.36
198.36
198.36
198.36
198.36
198.36
198.36
198.36
198.36
198.36
198.36
198.36
198.36
198.36
198.36
198.36
198.36
198.36
198.36
198.36
198.36
198.36
198.36
198.36
198.36
198.36
198.36
198.36
198.36
198.36
198.36
198.36
198.36
198.36
198.36
198.36
198.36
198.36
198.36
198.36
198.36
198.36
