6.7556
6.7556
6.7556
6.7556
6.7556
6.7556
6.7556
6.7556
6.7556
6.7556
6.7556
6.7556
6.7556
6.7556
6.7556
6.7556
6.7556
6.7556
6.7556
6.7556
6.7574
6.7748
6.7773
6.8041
6.8092
6.8144
6.8408
6.865
6.8732
6.9009
6.912
6.9234
6.935
6.9469
6.9722
6.9867
7.0013
7.016
7.0305
7.0448
7.0587
7.0721
7.0847
7.0964
7.1072
7.133
7.1436
7.1529
7.1608
7.1673
7.1723
7.1758
7.1779
7.1785
7.1933
7.1999
7.2005
7.2001
7.1987
7.1964
7.1932
7.1894
7.185
7.1802
7.1751
7.1698
7.1645
7.1592
7.166
7.1482
7.1331
7.1357
7.139
7.1431
7.1456
7.127
7.1305
7.1441
7.1454
7.1703
7.203
7.2458
7.298
7.345
7.35
7.3023
7.2281
7.1728
7.1414
7.1182
7.1006
7.0867
7.0751
7.0649
7.0521
7.037
7.0186
6.9983
6.9871
6.9762
6.9656
6.9552
6.9451
6.9352
6.9254
6.916
6.9056
6.8886
6.8818
6.888
6.8975
6.8961
6.8962
6.9009
6.8892
6.8787
6.8677
6.8821
6.8869
6.8904
6.8941
6.8877
6.8938
6.9191
6.9269
6.9534
6.985
7.0417
7.0735
7.0921
7.1194
7.143
7.1667
7.1914
7.2172
7.2432
7.2681
7.2869
7.323
7.3808
7.4363
7.4986
7.5725
7.6565
7.7045
7.752
7.8032
7.8611
7.9164
8.0314
8.149
8.2127
8.6991
9.6373
10.48
10.6
10.733
10.863
10.985
11.092
11.177
11.251
11.336
11.418
11.496
11.579
11.648
11.683
11.712
11.783
11.811
11.753
11.682
11.603
11.519
11.45
11.383
11.315
11.257
11.197
11.116
10.999
10.922
10.839
10.741
10.632
10.524
10.407
10.282
10.201
10.117
10.022
9.914
9.8031
9.687
9.5663
9.477
9.3727
9.2636
9.1475
9.0472
8.957
8.865
8.7763
8.684
8.5916
8.501
8.4116
8.3313
8.2563
8.1865
8.1163
8.0428
7.9719
7.9031
7.8409
7.7868
7.7336
7.6812
7.6259
7.5689
7.5162
7.4647
7.4139
7.3694
7.3255
7.2862
7.2488
7.2143
7.1777
7.1384
7.1073
7.0845
7.0591
7.0339
7.0088
6.9802
6.953
6.9296
6.9296
