6.7556
6.7556
6.7556
6.7556
6.7556
6.7556
6.7556
6.7556
6.7556
6.7556
6.7556
6.7556
6.7556
6.7556
6.7556
6.7556
6.7556
6.7556
6.7556
6.7556
6.7556
6.7556
6.7556
6.7556
6.7556
6.7556
6.7556
6.7556
6.7556
6.7556
6.7556
6.7556
6.7556
6.7556
6.7556
6.7556
6.7556
6.7556
6.7556
6.7556
6.7556
6.9796
6.7556
6.7556
6.7556
6.8045
6.9283
7.1059
7.2339
7.3634
7.5135
7.7558
7.9198
8.0696
8.1547
8.1691
8.1714
8.2086
8.3929
8.464
8.3774
7.8565
7.8401
7.7399
7.6252
7.5357
7.4632
7.3674
7.2273
7.6888
7.7735
7.7785
7.7656
7.7791
7.1486
7.2076
7.278
7.2936
7.2393
7.2446
7.2654
7.2979
7.2964
7.2495
7.2032
7.1846
7.189
7.16
7.1146
7.0684
7.028
6.9452
6.9114
6.9064
6.9749
7.0388
7.0756
7.111
7.1357
7.1396
7.1213
7.0895
7.0541
6.9869
6.9452
6.895
6.854
6.8686
6.8721
7.1519
7.39
7.468
7.4826
7.5074
7.5338
7.5651
7.6032
7.6463
7.697
6.7556
7.7572
6.7556
6.7556
6.7556
6.775
7.322
7.9143
8.1536
8.1998
8.2356
8.2635
8.2901
8.3062
8.3094
8.3115
8.2971
8.2951
8.291
8.2864
8.2816
8.2707
8.2588
8.2407
8.2363
8.2302
8.2216
8.2046
8.1734
8.1631
8.1506
8.1286
8.1058
8.0965
8.0916
8.0819
8.0723
8.066
8.0661
8.0645
8.0554
8.0348
7.2617
7.3548
7.6755
7.8749
7.4056
7.5121
7.51
7.5086
7.2611
7.3283
7.4903
7.4715
7.4142
7.2778
7.2918
7.2609
7.2182
7.1144
7.0469
7.0263
7.0002
6.9545
6.8692
6.8569
6.8464
6.8324
6.7556
6.7556
6.7556
6.7556
6.7556
6.7556
6.7556
6.7556
6.7556
6.7556
6.7556
6.7556
6.7556
6.7556
6.7556
6.7556
6.7556
6.7556
6.7556
6.7556
6.7556
6.7556
6.7556
6.7556
6.7556
6.7556
6.7556
6.7556
6.7556
6.7556
6.7556
6.7556
6.7556
6.7556
6.7556
6.7556
6.7556
6.7556
6.7556
6.7556
6.7556
6.7556
6.7556
6.7556
6.7556
6.7556
6.7556
6.7556
6.7556
6.7556
6.7556
6.7556
6.7556
