6.7556
6.7556
6.7556
6.7556
6.7556
6.7556
6.7556
6.7556
6.7556
6.7556
6.7556
6.7556
6.7556
6.7556
6.7556
6.7556
6.7556
6.7556
6.7556
6.7556
6.7556
6.7556
6.7556
6.7556
6.7556
6.7571
6.761
6.7779
6.7855
6.7937
6.8025
6.812
6.8222
6.8332
6.8472
6.8629
6.8799
6.8985
6.9187
6.9409
6.9652
6.9919
7.0225
7.0574
7.0952
7.1358
7.1786
7.2225
7.2654
7.3052
7.3395
7.3677
7.3912
7.4093
7.423
7.4327
7.4384
7.44
7.4378
7.4334
7.4416
7.4457
7.4554
7.4665
7.4672
7.4454
7.4054
7.3621
7.326
7.3007
7.3066
7.304
7.3096
7.3201
7.3034
7.3032
7.293
7.2791
7.2838
7.3007
7.3094
7.3281
7.3534
7.3762
7.3826
7.3661
7.3598
7.3324
7.3088
7.2962
7.2882
7.285
7.2879
7.2973
7.3136
7.3394
7.2611
7.3982
7.4009
7.3752
7.3403
7.3094
7.2885
7.2686
7.2513
7.2394
7.2352
7.1006
7.0908
7.0823
7.0989
7.1129
7.1107
7.1094
7.1125
7.1333
7.1419
7.1555
7.1697
7.1848
7.2035
7.2546
7.2991
7.3381
7.3888
7.4332
7.4714
7.5181
7.5922
7.6588
7.7335
7.8146
7.9211
7.9803
8.0003
8.0103
8.0332
8.4986
9.3163
10.134
10.227
10.292
10.297
10.336
10.375
10.375
10.37
10.371
10.365
10.355
10.35
10.35
10.335
10.303
10.263
10.191
10.114
10.04
9.9762
9.9088
9.8376
9.7625
9.6812
9.5922
9.513
9.4464
9.3832
9.3128
9.2428
9.1737
9.1075
9.0412
8.9783
8.9175
8.8608
8.8017
8.7324
8.6553
8.5877
8.5348
8.483
8.4278
8.3692
8.3205
8.2715
8.2219
8.1681
8.1146
8.0694
8.018
7.2982
7.1058
6.9142
6.9199
6.9146
7.2284
7.4232
7.5351
7.4911
7.4406
7.3928
7.3455
7.025
6.9303
6.8439
6.8378
6.8322
6.8271
6.8224
6.8182
6.8143
6.8107
6.8003
6.7976
6.795
6.7927
6.7905
6.7821
6.8125
6.8292
6.8431
6.8352
6.8252
6.7799
6.7722
6.7671
6.7664
6.761
6.7606
6.7603
6.76
6.7675
6.7675
6.7668
6.7556
6.7556
6.7556
6.7556
6.7556
6.7556
