6.7556
6.7556
6.7556
6.7556
6.7556
6.7556
6.7556
6.7556
6.7556
6.7556
6.7556
6.7556
6.7556
6.7556
6.7556
6.7556
6.7556
6.7556
6.7556
6.7556
6.7556
6.7556
6.7556
6.7556
6.7556
6.7556
6.7556
6.7582
6.7623
6.7674
6.7752
6.7836
6.7927
6.8026
6.8134
6.8251
6.838
6.8533
6.872
6.8927
6.9159
6.9418
6.9711
7.0045
7.0426
7.0865
7.1403
7.2022
7.2724
7.3491
7.4254
7.4884
7.5273
7.5457
7.5562
7.5693
7.5841
7.5961
7.6007
7.5922
7.5677
7.5368
7.5378
7.5581
7.6531
7.8509
7.805
7.5501
7.4197
7.3449
7.306
7.2927
7.303
7.3417
7.4209
7.5453
7.5929
7.4745
7.368
7.3106
7.2894
7.2972
7.3383
7.4344
7.6451
7.486
7.5415
7.3569
7.3121
7.2213
7.1929
7.1776
7.173
7.1789
7.1979
7.2524
7.3413
7.4972
7.379
7.6443
7.4328
7.3155
7.2496
7.2077
7.1787
7.1688
7.1685
7.1722
7.1943
7.2002
7.1961
7.1926
7.1898
7.1918
7.1843
7.1825
7.1862
7.1926
7.2428
7.2796
7.3066
7.3474
7.3835
7.4138
7.4506
7.4939
7.5427
7.6321
7.7419
7.8056
7.8567
8.2635
9.0024
9.6867
9.7575
9.8148
9.8815
9.9254
9.95
9.9622
9.9647
9.96
9.9617
9.9692
9.97
9.9616
9.9548
9.9495
9.9337
9.9111
9.8801
9.8292
9.7729
9.7238
9.6741
9.6184
9.559
9.5083
9.4568
9.395
9.3264
9.2651
9.2022
9.1373
9.0819
9.0372
8.9873
8.9329
8.8703
8.8063
8.7612
7.8899
8.2874
8.2515
8.5928
7.7837
8.195
8.166
8.3957
7.6571
7.4308
7.1534
7.1453
7.1545
7.1432
7.1523
7.1726
7.1419
7.1197
7.0534
7.0055
6.9713
6.9434
6.9186
6.9023
6.8887
6.8772
6.8673
6.8587
6.8511
6.8444
6.8384
6.833
6.8282
6.814
6.8103
6.807
6.804
6.8012
6.7898
6.7879
6.786
6.7843
6.7792
6.7736
6.7725
6.7716
6.7707
6.763
6.7626
6.7622
6.7618
6.7615
6.7556
6.7556
6.7556
6.7556
6.7556
6.7556
6.7556
6.7556
6.7556
6.7556
6.7556
6.7556
6.7556
6.7556
6.7556
6.7556
6.7556
