198.36
198.36
198.36
198.36
198.36
198.36
198.36
198.36
198.36
198.36
198.36
198.36
198.36
198.36
198.36
198.36
198.36
198.36
198.36
198.36
198.36
198.36
198.36
198.36
198.36
198.36
198.36
198.36
198.36
198.36
198.36
198.36
198.36
198.36
198.36
198.36
198.36
198.36
198.36
198.36
198.36
198.36
198.36
198.36
198.36
198.36
199.89
210.71
213.05
213.05
193.05
196.06
202.31
202.41
214.4
199.75
199.75
199.75
189.75
199.75
209.75
205.79
202.95
202.41
212.41
212.41
211.34
214.22
213.05
208.53
205.71
206.44
212.22
210.29
205.71
205.71
195.71
195.71
195.71
195.71
205.71
207.63
212.13
212.6
207.1
205.71
205.71
205.71
205.71
205.71
205.61
202.17
198.36
198.36
198.36
200.18
203.13
205.25
205.64
205.66
208.89
195.06
195.06
207.72
197.72
197.72
197.72
197.72
197.72
197.72
197.72
204.95
210.23
210
212.12
204.69
207.45
219.66
221.73
225.24
228.63
230.35
229.88
219.55
203.05
203.05
193.05
194.16
198.44
210.39
225.69
235.5
237.71
236.32
234.52
232.5
231.42
231.66
231.55
231.81
230.54
230.12
230.3
230.55
229.72
229.47
219.26
219.57
218.87
218.77
218.53
198.95
188.95
191.22
194.25
194.25
194.25
184.25
198.6
199.54
199.36
214.25
214.25
218.5
219.54
215.02
214.25
214.25
214.23
209.88
208.95
208.95
208.49
203.66
203.66
203.65
200.38
198.36
198.36
198.36
198.36
198.36
198.36
198.36
198.36
198.36
198.36
198.36
198.36
198.36
198.36
198.36
198.36
198.36
198.36
198.36
198.36
198.36
198.36
198.36
198.36
198.36
198.36
198.36
198.36
198.36
198.36
198.36
198.36
198.36
198.36
198.36
198.36
198.36
198.36
198.36
198.36
198.36
198.36
198.36
198.36
198.36
198.36
198.36
198.36
198.36
198.36
198.36
198.36
198.36
198.36
198.36
198.36
198.36
198.36
198.36
198.36
198.36
198.36
198.36
