6.7556
6.7556
6.7556
6.7556
6.7556
6.7556
6.7556
6.7556
6.7556
6.7556
6.7556
6.7556
6.7556
6.7556
6.7556
6.7556
6.7556
6.7556
6.7556
6.7556
6.7556
6.7556
6.758
6.7625
6.7672
6.7723
6.7923
6.8023
6.8107
6.8196
6.8296
6.842
6.8552
6.8694
6.8846
6.9009
6.9183
6.937
6.957
6.9808
7.0061
7.0329
7.0611
7.0904
7.1204
7.1505
7.18
7.208
7.2355
7.2605
7.2823
7.3005
7.3152
7.3265
7.3347
7.3399
7.3423
7.3434
7.3493
7.3507
7.3511
7.3498
7.3458
7.338
7.3261
7.3108
7.2943
7.2784
7.2647
7.254
7.2481
7.2448
7.2428
7.2411
7.2388
7.2361
7.269
7.2693
7.2731
7.2465
7.2799
7.2985
7.3081
7.2973
7.3001
7.2986
7.2925
7.282
7.2672
7.2501
7.2344
7.2198
7.2069
7.1957
7.1856
7.1753
7.1634
7.1488
7.1308
7.11
7.0873
7.0664
7.0764
7.0771
7.0727
7.0579
7.0444
7.0321
7.0246
7.1809
7.0116
7.007
7.0197
7.0497
7.0731
7.0798
7.0952
7.1239
7.1347
7.1459
7.1529
7.1696
7.1922
7.2079
7.2265
7.2573
7.3251
7.4002
7.4306
7.48
7.5318
7.5731
7.6189
7.6708
7.734
7.8245
7.975
8.1513
8.217
8.1783
8.1579
8.6528
9.4673
10.291
10.381
10.474
10.539
10.588
10.616
10.635
10.649
10.671
10.717
10.757
10.795
10.833
10.831
10.521
10.688
10.726
10.635
10.528
10.421
10.328
10.226
10.135
10.05
9.9618
9.8721
9.7821
9.6944
9.5961
9.5
9.411
9.3274
9.2426
9.1598
9.0797
9.0034
8.933
8.8709
8.8079
8.7407
8.6807
8.6197
8.5608
8.4972
8.4331
8.3664
8.3016
8.2336
8.17
8.1091
8.0451
7.9848
7.9168
7.8553
7.8017
7.7551
7.7116
7.6644
7.6201
7.5669
7.5064
7.4448
7.3913
7.3455
7.3027
7.2631
7.2224
7.1872
7.1565
6.903
6.8378
6.781
6.7806
6.7799
6.7792
6.7783
6.7773
6.7735
6.7726
6.7717
6.7708
6.7699
6.7691
6.7658
6.7652
6.7764
6.7807
6.7815
6.7747
6.7662
6.7638
6.7642
6.7646
6.7649
6.7635
6.7634
6.7634
