198.36
198.36
198.36
198.36
198.36
198.36
198.36
198.36
198.36
198.36
198.36
198.36
198.36
198.36
198.36
198.36
198.36
198.36
198.36
198.36
198.76
199.81
201.07
202.53
203.14
203.76
207.54
208.79
209.63
211.95
213.16
214.45
215.79
217.14
219.31
221.14
222.85
224.36
225.76
227.14
228.55
229.85
231.01
232.05
232.94
234.76
235.68
236.57
237.5
238.47
239.24
239.79
240.25
240.49
241.62
241.95
242.34
242.58
242.59
242.67
242.83
242.77
242.44
241.9
241.36
240.84
240.24
239.66
240.66
240.65
240.46
240.18
238.19
236.38
236.33
236.7
236.76
236.35
233.05
232.17
231.83
230.28
220.2
220.11
228.18
227.38
226.64
225.97
223.94
233.12
232.83
232.44
231.91
231.14
230.05
228.55
226.9
225.56
224.41
222.69
221.8
220.91
220.03
219.13
218.2
217.25
218.35
218.87
217.86
216.52
216.79
217.86
217.58
217.39
217.28
217.22
218
218.19
218.41
218.66
218.92
222.16
225.89
228.71
230.77
235.52
236.76
237.98
239.22
240.45
241.69
243.02
244.79
246.55
250.92
258.73
263.14
264.65
266.93
274.17
280.61
284.89
278.85
282.55
290.12
300.79
306.28
309.67
356.42
405.83
431.79
439.7
446.22
452.08
457.74
462.09
466.04
479.5
471.97
464.27
467.79
470.49
473.07
485.02
486.65
487.11
487.48
496.72
484.55
482.45
482.59
483.04
471.29
468.41
464.73
471.47
478.22
475.07
472.1
468.97
475.04
460.24
455.41
450.49
445.35
439.95
434.21
438.98
434.06
430.05
425.62
420.89
415.2
408.92
403.63
398.48
392.48
385.98
379.71
373.75
367.97
363.09
358.07
351.76
345.57
339.71
333.02
326.68
320.47
314.01
307.4
301.07
294.29
287.24
280.55
273.8
267.11
262.09
257.83
253.34
249.61
245.69
241.65
238.03
234.77
231.28
227.75
224.55
221.62
218.81
215.99
213.98
212.63
211.6
210.59
209.62
207.83
206.08
204.75
204.75
