198.36
198.36
198.36
198.36
198.36
198.36
198.36
198.36
198.36
198.36
198.36
198.36
198.36
198.36
198.36
198.36
198.36
198.36
198.36
198.36
198.36
198.36
198.36
198.36
198.36
198.36
198.36
198.36
198.36
198.36
198.36
199.22
199.77
200.42
201.35
202.36
203.47
204.67
205.98
207.54
209.25
211.09
213.16
215.77
218.67
221.34
223.29
224.91
226.56
228.55
230.16
231.73
232.86
223.62
214.44
215.32
216.31
227.47
218.34
229.05
229.61
230.08
220.65
231.36
242.03
242.15
241.32
240.65
240.12
239.6
240.92
242.1
240.61
239.16
237.5
236.28
235.61
235.83
235.71
235.32
234.5
233.78
233.34
233.04
232.81
232.66
232.79
233.03
233.23
233.48
233.2
233.22
234.67
234.79
237.87
238.73
239.59
241.18
242.31
242.04
241.79
241.76
243.43
244.77
235.4
236.54
235.15
234.63
236.73
238.2
239.35
249.87
252.49
253.31
254.51
256.03
259.13
262.33
253.93
245.55
250.14
253.2
243.31
252.13
253.68
254.84
255.92
256.51
257.83
255.3
255.21
266.68
260.89
259.96
256.92
256.92
267.17
295.4
256.13
250.32
265.24
265.1
264.62
261.34
256.42
254.46
254.01
244.98
240.88
239.2
238.5
237.37
235.39
230.23
228.12
226.67
224.78
222.64
218.85
216.26
215.04
213.56
212.74
210.63
210.38
210.07
209.71
209.32
207.75
206.9
206.57
206.26
205.96
205.68
205.41
205.14
204.88
203.36
203.15
202.95
202.76
201.45
201.31
201.19
201.06
200.75
199.92
199.85
199.78
199.72
198.94
198.92
198.89
198.87
198.36
198.36
198.36
198.36
198.36
198.36
198.36
198.36
198.36
198.36
198.36
198.36
198.36
198.36
198.36
198.36
198.36
198.36
198.36
198.36
198.36
198.36
198.36
198.36
198.36
198.36
198.36
198.36
198.36
198.36
198.36
198.36
198.36
198.36
198.36
198.36
198.36
198.36
198.36
198.36
198.36
198.36
198.36
198.36
198.36
198.36
