198.36
198.36
198.36
198.36
198.36
198.36
198.36
198.36
198.36
198.36
198.36
198.36
198.36
198.36
198.36
198.36
198.36
198.36
198.36
198.36
198.36
198.36
198.36
198.36
198.36
198.36
198.36
198.36
198.36
198.42
198.6
198.82
199.34
200.23
201.3
202.43
203.69
205.11
206.65
208.19
209.76
212.03
214.79
218.03
220.02
221.47
223.18
225.11
227.18
218.84
220.37
212.08
213.11
213.7
214.37
205.17
206.44
217.42
219.53
220.18
220.91
219.56
229.78
229.3
219.94
231.09
231.37
231.77
231.43
231.15
240.02
238.61
237.22
236.33
224.14
224.04
223.51
224.54
223.32
222.88
222.58
232.32
232.1
222.19
222.45
222.7
222.84
222.77
222.32
232.55
232.65
232.6
232.53
234.22
235.2
235.38
227.78
227.34
226.27
225.5
227.22
228.76
238.72
238.55
238.47
238.63
239.24
243.01
245.25
253.47
255.39
256.1
257.41
258.75
260.22
262.35
264.76
266.46
269.25
258.31
276.14
263.51
264.78
266.46
271.09
303.61
357.97
379.23
384.73
399.98
405.93
410.76
414
417.21
420.38
422.51
423.37
423.99
425.26
425.42
425.49
426.17
426.57
426.2
425.49
424.14
421.45
417.74
413.85
409.86
405.88
401.97
397.33
381.84
375.31
369.19
364.38
359.58
344.19
338.7
333.1
263.13
247.15
268.27
297.19
236.1
233.67
238.02
225.08
223.48
223.4
223.17
232.12
220.49
216.8
225.95
225.34
224.66
223.8
221.61
220.83
219.9
218.84
217.85
216.72
214.2
213.04
211.83
210.72
209.79
209.02
208.34
207.74
207.21
206.74
205.02
204.69
204.38
204.11
203.85
202.45
202.26
202.07
201.9
201.12
200.56
200.45
200.35
200.26
199.27
199.23
199.18
199.14
199.1
198.36
198.36
198.36
198.36
198.36
198.36
198.36
198.36
198.36
198.36
198.36
198.36
198.36
198.36
198.36
198.36
198.36
198.36
198.36
198.36
198.36
198.36
198.36
198.36
198.36
198.36
