6.7556
6.7556
6.7556
6.7556
6.7556
6.7556
6.7556
6.7556
6.7556
6.7556
6.7556
6.7556
6.7556
6.7556
6.7556
6.7556
6.7556
6.7556
6.7556
6.7556
6.7556
6.7556
6.7556
6.7556
6.7556
6.7556
6.7556
6.7556
6.7556
6.7556
6.7556
6.7556
6.7556
6.7556
6.7556
6.7556
6.7556
6.7556
6.7556
6.7556
6.7556
6.7556
6.7556
6.7556
6.7653
6.8257
6.8858
6.9881
7.0805
7.2819
7.3825
7.4704
7.5299
7.6058
7.5228
7.532
7.5093
7.5772
7.5311
7.5486
7.5725
7.5701
7.5012
7.459
7.3916
7.071
7.0796
7.7099
7.6414
7.5902
7.5571
7.5403
7.5397
7.5541
7.5775
7.4977
7.5569
7.5893
7.5646
7.5305
7.225
7.3075
7.2984
7.2833
7.107
6.7571
7.1985
7.2126
7.4284
7.0203
6.9543
6.9513
6.9514
6.9516
7.0167
7.1539
7.2086
7.1984
6.7556
7.0518
7.2302
7.1854
7.13
6.9833
6.9175
6.8518
6.7861
6.7556
6.7556
6.7556
6.7556
6.7556
6.7556
6.7556
6.7556
6.7556
6.7556
6.7556
6.7556
6.7556
6.7556
6.7556
6.7702
6.8363
6.9014
6.9642
7.0228
7.1516
7.1965
7.2207
7.2295
7.3828
7.5059
7.5204
7.531
7.5404
7.5615
7.514
7.4965
7.4817
7.4757
7.448
7.4135
7.3842
7.2991
7.2729
7.2516
7.2307
7.1751
7.145
7.1098
7.0825
7.0553
7.0241
7.0166
7.0063
6.9967
6.9865
6.9864
6.9872
6.9955
7.0019
7.0471
7.0721
7.0946
7.1292
7.1571
7.184
7.2066
7.2354
7.2732
7.0983
7.3278
7.3585
7.3865
7.1967
7.4292
7.4388
7.4377
7.2852
7.3082
7.2779
7.2303
7.2374
7.254
7.2223
7.1168
6.9474
7.0583
7.0661
7.0187
6.9454
6.8919
6.877
6.8644
6.8273
6.7723
6.7556
6.7556
6.7556
6.7556
6.7556
6.7556
6.7556
6.7556
6.7556
6.7556
6.7556
6.7556
6.7556
6.7556
6.7556
6.7556
6.7556
6.7556
6.7556
6.7556
6.7556
6.7556
6.7556
6.7556
6.7556
6.7556
6.7556
6.7556
6.7556
6.7556
6.7556
6.7556
6.7556
6.7556
6.7556
6.7556
6.7556
6.7556
6.7556
6.7556
6.7556
6.7556
6.7556
