6.7556
6.7556
6.7556
6.7556
6.7556
6.7556
6.7556
6.7556
6.7556
6.7556
6.7556
6.7556
6.7556
6.7556
6.7556
6.7556
6.7556
6.7556
6.7556
6.7556
6.7556
6.7556
6.7556
6.7556
6.7556
6.7556
6.7556
6.7556
6.7556
6.7556
6.7556
6.7556
6.7556
6.7556
6.7556
6.7556
6.7556
6.7556
6.7556
6.7556
6.7556
6.7556
6.7556
6.7556
6.7556
6.7556
6.7556
6.7556
6.7556
6.7556
6.7556
6.7556
6.7556
6.7556
6.7556
6.7556
6.7556
6.7556
6.7556
6.7556
6.7556
6.7556
6.7556
6.7556
6.7556
6.7556
6.7556
6.7556
6.7556
6.7556
6.7556
6.7556
6.7556
6.7556
6.7556
6.7556
6.7556
6.7937
6.8912
6.9885
7.0345
7.0861
7.158
7.257
7.4758
7.5772
7.6768
7.5649
7.1205
7.0607
7.0169
6.9378
6.8411
6.7556
6.7556
6.7556
6.7556
6.7556
6.7556
6.7556
6.7556
6.7556
6.7556
6.7556
6.7556
6.7556
6.7556
6.7556
6.7556
6.7556
6.7556
6.7556
6.7556
6.7556
6.7556
6.7556
6.7556
6.7556
6.7556
6.7556
6.7556
6.7556
6.7556
6.7556
6.7556
6.7556
6.7556
6.7556
6.7556
6.7556
6.7556
6.7556
6.7556
6.7556
6.7556
6.7556
6.7556
6.7556
6.7738
6.8719
6.9704
7.0432
7.0931
7.1614
7.2477
7.2846
7.33
7.3279
7.8659
8.6453
8.9966
9.0818
9.1811
9.2644
9.3526
9.4337
9.4909
9.5224
9.5388
9.5553
9.5818
9.6099
9.6455
9.6966
9.7408
9.7578
9.7361
9.7075
9.6823
9.6281
9.5682
9.5156
9.4529
9.3997
9.3609
9.325
9.2816
9.2383
9.187
9.0822
8.8381
8.9122
8.879
8.7938
8.7042
8.6116
8.5145
8.4254
8.3504
8.2701
8.1915
8.1161
8.0475
7.9731
7.9055
7.8385
7.7742
7.7133
7.6676
7.6226
7.5763
7.53
7.4707
7.4053
7.3393
7.2871
7.2367
7.1861
7.139
7.0993
7.0665
7.0308
7.0032
6.9805
6.9609
6.9367
6.9064
6.871
6.8348
6.8084
6.79
6.7742
6.7647
6.7564
6.7558
6.7556
6.7556
6.7556
6.7556
6.7556
6.7556
6.7556
6.7556
6.7556
6.7556
6.7556
6.7556
6.7556
6.7556
6.7556
