6.7556
6.7556
6.7556
6.7556
6.7556
6.7556
6.7556
6.7556
6.7556
6.7556
6.7556
6.7556
6.7556
6.7556
6.7556
6.7556
6.7556
6.7556
6.7556
6.7556
6.7556
6.7556
6.7556
6.7556
6.7556
6.7556
6.7556
6.7556
6.7556
6.7556
6.7556
6.7632
6.7679
6.7734
6.7816
6.7905
6.8001
6.8105
6.8218
6.8359
6.8524
6.8705
6.8906
6.9142
6.9417
6.9726
7.0076
7.0474
7.0933
7.1464
7.2084
7.2811
7.3658
7.4624
7.5669
7.6554
7.6922
7.6807
7.658
7.6395
7.6201
7.5921
7.5551
7.5123
7.4659
7.4195
7.376
7.3367
7.3018
7.2704
7.2621
7.2617
7.2424
7.2254
7.2109
7.1992
7.1909
7.1923
7.1915
7.1894
7.1858
7.1811
7.1757
7.17
7.1639
7.1576
7.153
7.148
7.1421
7.1355
7.1293
7.1277
7.1384
7.1387
7.1636
7.169
7.1752
7.1895
7.2085
7.2201
7.234
7.2514
7.2894
7.3331
7.3882
7.4775
7.5825
7.6572
7.591
7.498
7.4425
7.4163
7.4305
7.4443
7.4749
7.52
7.5926
7.6799
7.7854
7.9012
8.051
8.2365
8.4184
8.4119
8.2964
8.3103
8.3636
8.3124
8.2485
8.1861
8.1758
8.161
8.1837
8.1459
8.1024
8.0867
8.059
8.2918
8.67
8.5541
7.7812
7.7578
7.7363
7.6927
7.6316
7.6061
7.5953
7.246
7.1945
7.1689
7.1575
7.1407
7.1192
7.0676
7.047
7.0317
7.013
6.9916
6.9561
6.9328
6.9203
6.9066
6.8986
6.8773
6.8743
6.8707
6.8667
6.8625
6.8462
6.838
6.8343
6.8307
6.8271
6.8238
6.8205
6.8174
6.8145
6.8004
6.7983
6.7963
6.7943
6.7826
6.7814
6.7801
6.779
6.7762
6.769
6.7684
6.7678
6.7672
6.7606
6.7604
6.7601
6.7599
6.7556
6.7556
6.7556
6.7556
6.7556
6.7556
6.7556
6.7556
6.7556
6.7556
6.7556
6.7556
6.7556
6.7556
6.7556
6.7556
6.7556
6.7556
6.7556
6.7556
6.7556
6.7556
6.7556
6.7556
6.7556
6.7556
6.7556
6.7556
6.7556
6.7556
6.7556
6.7556
6.7556
6.7556
6.7556
6.7556
6.7556
6.7556
6.7556
6.7556
6.7556
6.7556
6.7556
6.7556
6.7556
6.7556
