198.36
198.36
198.36
198.36
198.36
198.36
198.36
198.36
198.36
198.36
198.36
198.36
198.36
198.36
198.36
198.36
198.36
198.36
198.36
198.36
198.36
198.36
198.36
198.36
198.36
198.52
198.98
200.93
201.79
202.72
203.74
204.85
206.05
207.31
208.77
210.27
212.02
213.99
216.19
218.73
220.67
222.2
223.6
225.06
226.81
228.32
229.78
231.21
232.18
232.97
233.47
234.12
235.13
236.36
237.67
238.46
238.99
239.47
239.97
240.47
242.13
242.66
232.93
232.98
233.21
233.18
232.9
232.5
241.7
240.82
242.09
241.26
240.87
231
227.77
227.04
225.76
224.8
235.63
237.25
236.86
226.5
226.15
225.91
225.83
225.74
228.67
238.89
239.11
239.79
240.42
240.99
241.58
242.17
242.38
232.43
220.34
233.09
233.36
232.86
232.44
242.66
243.67
244.22
244.66
245.28
246.5
233.08
232.88
232.12
234.26
236.19
236.29
236.37
236.78
239.23
240.37
241.87
242.88
243.83
245.12
249.92
253.86
256.84
261.11
264.15
265.94
268.16
272.7
264.44
265.68
267.68
275.33
282.3
288.24
291.66
304.76
352.92
393.74
418.7
432.61
436.29
440.64
444.08
436.36
438.63
441.04
443.75
444.97
446.03
447.89
459.87
461.08
461.69
462.32
461.82
460.25
458.1
466.03
463.76
461.67
458.65
454.16
448.27
442.92
438.72
435.18
431.02
425.88
420.12
414.21
407.88
401.98
396.32
391.13
385.87
379.48
372.16
364.87
358.76
353.09
347.23
341.18
335.13
329.36
324.2
318.77
312.98
307.75
302.32
236.28
229.94
214.76
215.37
214.93
244.01
256.75
260.41
257.53
254.33
251.53
248.75
220.85
215.27
207.56
206.97
206.44
205.95
205.52
205.12
204.76
204.42
203.29
203.04
202.8
202.57
202.35
201.39
204.63
206.16
207.39
206.68
205.77
201.04
200.27
199.71
199.63
198.99
198.95
198.91
198.88
199.77
199.76
199.68
198.36
198.36
198.36
198.36
198.36
198.36
