6.7556
6.7556
6.7556
6.7556
6.7556
6.7556
6.7556
6.7556
6.7556
6.7556
6.7556
6.7556
6.7556
6.7556
6.7556
6.7556
6.7556
6.7556
6.7556
6.7556
6.7556
6.7556
6.7556
6.7556
6.7556
6.7556
6.7556
6.7556
6.7556
6.7556
6.7556
6.7556
6.7556
6.7556
6.7556
6.7556
6.7556
6.7556
6.7556
6.7556
6.7556
6.8391
6.7556
6.7556
6.7556
6.7946
6.8853
7.0134
7.1396
7.3429
7.4869
7.7564
7.7424
7.896
8.203
8.246
8.2713
8.1285
8.4801
8.5526
8.333
7.6921
7.7024
7.6507
7.6892
7.5207
7.4218
7.3554
7.2586
7.7313
7.5931
7.5751
7.5594
7.5573
7.1974
7.2357
7.272
7.277
7.2545
7.2663
7.2723
7.1717
7.1643
7.2645
7.2406
7.2264
7.2299
7.2072
7.1689
7.0042
6.9498
6.8917
6.8736
6.8702
6.9122
6.9636
7.0085
7.1664
7.1883
7.1919
7.1761
7.015
6.9713
6.9282
6.9024
6.8678
6.8343
6.8443
6.8467
7.1598
7.1355
7.1284
7.1106
7.095
6.9831
6.9916
7.0126
7.0362
7.0585
6.7556
7.0982
6.7556
6.7556
6.7556
6.7795
7.3008
7.3446
7.3765
7.4108
7.3874
7.4099
7.4198
7.4204
7.4194
7.3946
7.3828
7.3661
7.3429
7.3304
7.3218
7.3127
7.2966
7.2736
7.2441
7.2083
7.187
7.1706
7.1524
7.1464
7.1497
7.1594
7.1592
7.2006
7.2243
7.25
7.2751
7.3279
7.3527
7.3908
7.4223
7.4639
7.2196
7.3092
7.5079
7.6125
7.3476
7.4564
7.507
7.4745
7.2038
7.2533
7.4731
7.4844
7.3777
7.2517
7.3069
7.2998
7.2185
7.1206
7.073
7.0601
7.02
6.9519
6.8902
6.8782
6.8616
6.8083
6.7556
6.7556
6.7556
6.7556
6.7556
6.7556
6.7556
6.7556
6.7556
6.7556
6.7556
6.7556
6.7556
6.7556
6.7556
6.7556
6.7556
6.7556
6.7556
6.7556
6.7556
6.7556
6.7556
6.7556
6.7556
6.7556
6.7556
6.7556
6.7556
6.7556
6.7556
6.7556
6.7556
6.7556
6.7556
6.7556
6.7556
6.7556
6.7556
6.7556
6.7556
6.7556
6.7556
6.7556
6.7556
6.7556
6.7556
6.7556
6.7556
6.7556
6.7556
6.7556
6.7556
