6.7556
6.7556
6.7556
6.7556
6.7556
6.7556
6.7556
6.7556
6.7556
6.7556
6.7556
6.7556
6.7556
6.7556
6.7556
6.7556
6.7556
6.7556
6.7556
6.7556
6.7556
6.7556
6.7556
6.7556
6.7556
6.7556
6.7556
6.7556
6.7556
6.7556
6.7556
6.7556
6.7556
6.7556
6.7556
6.7556
6.7556
6.7556
6.7556
6.7556
6.7556
6.7556
6.7556
6.7556
6.7556
6.7556
6.7673
6.9228
7.1133
7.2618
7.3513
7.4916
7.7397
7.9979
7.8732
8.1357
8.2405
8.2343
8.2481
8.2224
8.1069
7.873
7.7133
7.6343
7.5842
7.5003
7.3941
7.2581
7.1666
7.0546
6.9908
6.9421
6.9592
6.9628
6.9733
7.0279
7.0667
7.0796
7.0803
7.0686
7.0324
6.9956
6.9937
6.9749
6.9392
6.9572
6.9692
6.9642
6.9427
6.9063
6.8574
6.7985
6.7556
6.7556
6.7556
6.7709
6.8129
6.8429
6.8591
6.8606
6.8762
7.2282
7.4513
7.0284
7.0842
7.1223
7.1593
7.1846
7.1861
7.1613
7.1213
7.4712
7.6842
7.702
7.7282
7.7585
7.8156
7.8838
7.7463
7.9046
8.0606
8.1375
8.2167
8.2749
7.4921
7.4756
7.4285
7.3964
7.4137
7.3875
7.6527
8.1161
8.3091
8.287
8.2547
8.2407
8.2394
8.2301
8.2199
8.1966
8.1964
8.1946
8.1921
8.1758
8.1663
8.1621
8.1542
8.1431
8.1439
8.1473
8.1485
7.2693
7.2426
7.2783
7.3662
7.3774
7.3551
7.3259
7.3741
7.4082
7.3332
7.222
7.2101
7.2493
7.2455
7.1401
7.1126
7.0993
7.0659
6.972
6.9425
6.938
6.9113
6.84
6.8366
6.8325
6.7849
6.7556
6.7556
6.7556
6.7556
6.7556
6.7556
6.7556
6.7556
6.7556
6.7556
6.7556
6.7556
6.7556
6.7556
6.7556
6.7556
6.7556
6.7556
6.7556
6.7556
6.7556
6.7556
6.7556
6.7556
6.7556
6.7556
6.7556
6.7556
6.7556
6.7556
6.7556
6.7556
6.7556
6.7556
6.7556
6.7556
6.7556
6.7556
6.7556
6.7556
6.7556
6.7556
6.7556
6.7556
6.7556
6.7556
6.7556
6.7556
6.7556
6.7556
6.7556
6.7556
6.7556
6.7556
6.7556
6.7556
6.7556
6.7556
6.7556
6.7556
6.7556
6.7556
6.7556
