198.36
198.36
198.36
198.36
198.36
198.36
198.36
198.36
198.36
198.36
198.36
198.36
198.36
198.36
198.36
198.36
198.36
198.36
198.36
198.36
198.57
200.6
200.88
204
204.55
205.07
207.91
210.56
211.36
214.44
215.58
216.72
217.88
219.12
221.93
223.46
224.87
226.2
227.46
228.69
229.85
230.92
231.87
232.73
233.45
235.96
236.82
237.71
238.57
239.24
239.64
239.9
240.07
240.16
241.85
242.52
242.53
242.54
242.67
242.75
242.58
242.2
241.83
241.45
241.06
240.65
240.28
239.99
241.07
239.18
237.33
237.4
237.57
238
237.57
234.23
233
232.62
230.41
230.27
230.09
219.79
219.43
219.04
218.58
218.08
216.44
216.12
227.26
228.28
229.06
229.47
229.53
229.49
228.71
227.05
225.24
223.3
222.53
221.69
220.77
219.82
218.89
217.97
216.95
215.85
214.63
212.69
211.98
212.76
213.86
213.62
213.94
214.51
213.13
211.88
210.55
212.19
212.71
213.09
213.49
212.72
213.38
216.22
217.06
219.97
223.46
229.36
232.61
234.38
237.16
239.67
242.17
244.49
246.56
248.61
250.36
251.37
254.31
259.63
264.21
269.76
276.05
283.04
285.62
287.76
289.92
282.2
284.46
294.59
315.95
322.07
371.55
416.35
433.52
441.4
438.22
454.95
460.62
466.34
462.42
467.72
472.61
487.08
491.59
496.01
498.82
500.19
501.87
502.91
503.94
503.62
492.81
481.24
479.02
476.58
482.85
479.62
486.64
483.94
481.19
488.11
483.07
467.88
453.93
449.76
446.04
441.67
457.67
453.44
438.35
453.25
447.17
441.54
436.07
430.63
426.27
420.59
415.36
409.9
404.7
399.53
393.91
388.88
383.36
377.55
371.61
365.04
359.17
353.41
347.63
341.58
335.02
328.56
322.13
316.22
311.08
305.72
300.38
294.64
288.43
282.58
276.91
271.58
266.87
262.02
257.68
253.6
249.9
245.98
241.59
238.29
235.87
233.02
230.14
227.31
224.01
220.94
218.25
218.25
