198.36
198.36
198.36
198.36
198.36
198.36
198.36
198.36
198.36
198.36
198.36
198.36
198.36
198.36
198.36
198.36
198.36
198.36
198.36
198.36
198.36
198.36
198.36
198.36
198.36
198.36
198.36
198.36
198.36
198.36
198.36
198.36
198.36
198.36
198.36
198.36
198.36
198.36
198.36
198.36
198.36
198.36
198.36
198.36
198.36
198.36
198.36
198.36
198.36
198.36
198.36
198.36
198.36
198.36
198.36
198.36
198.36
198.36
198.36
198.36
198.36
198.36
198.36
198.36
198.36
198.36
198.36
198.36
198.36
198.36
198.36
198.36
198.36
198.36
198.36
198.36
200.74
207.34
207.72
207.72
197.72
197.72
197.72
197.72
197.72
197.72
197.72
197.72
197.72
207.72
207.72
203.78
198.36
198.36
198.36
198.36
198.36
198.36
198.36
198.36
198.36
198.36
198.36
198.36
198.36
198.36
198.36
198.36
198.36
198.36
198.36
198.36
198.36
198.36
198.36
198.36
198.36
198.36
198.36
198.36
198.36
198.36
198.36
198.36
198.36
198.36
198.36
198.36
198.36
198.36
198.36
198.36
198.36
198.36
198.36
198.36
198.36
198.36
198.36
198.36
198.36
198.36
201.8
205.69
205.71
210.45
215.04
205.06
205.06
205.06
205.06
205.06
219.73
239.19
233.42
249.51
255.36
259.9
262.5
264.66
264.89
266.55
259.19
259.69
260.4
262.09
274.03
275.43
276.69
276.48
277.26
280.89
286.01
290.09
292.28
294.68
293.6
294.45
294.41
293.74
292.96
293.45
292.71
291.34
289.76
289.17
297.53
296.22
294.44
292.23
288.59
283.27
278.27
274.89
273.01
270.1
266.25
263.01
259.98
256.01
252.1
248.39
244.96
240.92
236.91
233.04
229.91
226.78
224.21
223.01
221.41
219.43
217.25
214.36
210.7
206.84
204.45
202.24
200.68
199.15
198.36
198.36
198.36
198.36
198.36
198.36
198.36
198.36
198.36
198.36
198.36
198.36
198.36
198.36
198.36
198.36
198.36
198.36
198.36
198.36
