6.7556
6.7556
6.7556
6.7556
6.7556
6.7556
6.7556
6.7556
6.7556
6.7556
6.7556
6.7556
6.7556
6.7556
6.7556
6.7556
6.7556
6.7556
6.7556
6.7556
6.7556
6.7556
6.7556
6.7556
6.7556
6.7556
6.7556
6.7556
6.7556
6.7556
6.7556
6.7556
6.7556
6.7556
6.7556
6.7556
6.7556
6.7556
6.7556
6.7556
6.7556
6.7556
6.7556
6.7556
6.7556
6.7556
6.7556
6.7556
6.7556
6.7556
6.7556
6.7556
6.7556
6.7556
6.7556
6.7556
6.7556
6.7556
6.7556
6.7556
6.7556
6.7556
6.7556
6.7556
6.7556
6.7556
6.7556
6.7556
6.7556
6.7556
6.7556
6.7556
6.7556
6.7556
6.7556
6.7556
6.7705
6.8635
6.955
7.0396
7.0825
7.135
7.1941
7.2433
7.2524
7.2135
7.1544
7.0982
7.0515
6.9911
6.901
6.8092
6.7556
6.7556
6.7556
6.7556
6.7556
6.7556
6.7556
6.7556
6.7556
6.7556
6.7556
6.7556
6.7556
6.7556
6.7556
6.7556
6.7556
6.7556
6.7556
6.7556
6.7556
6.7556
6.7556
6.7556
6.7556
6.7556
6.7556
6.7556
6.7556
6.7556
6.7556
6.7556
6.7556
6.7556
6.7556
6.7556
6.7556
6.7556
6.7556
6.7556
6.7556
6.7556
6.7556
6.7556
6.7556
6.7556
6.7556
6.7556
6.7556
6.7556
6.7921
6.8631
6.9299
7.0349
7.1677
7.2694
7.3345
7.3615
7.3622
7.3364
7.8374
8.497
8.9351
9.0293
9.1206
9.2037
9.2903
9.3629
9.4374
9.5019
9.5817
9.6553
9.7275
9.7995
9.867
9.9086
9.9209
9.9635
9.9792
9.9567
9.9113
9.8638
9.8101
9.7636
9.7311
9.7009
9.6843
9.6665
9.6271
9.5732
9.5586
9.5285
9.4632
9.3933
9.3072
9.2094
9.1003
9.0344
8.9672
8.8997
8.8337
8.7602
8.6762
8.568
8.491
8.4177
8.3313
8.243
8.1632
8.0845
8.0075
7.9265
7.8393
7.7601
7.6856
7.6154
7.5534
7.5141
7.4764
7.4273
7.3779
7.3266
7.2766
7.2229
7.1708
7.1183
7.0665
7.0286
6.993
6.966
6.9493
6.9357
6.9227
6.9098
6.8956
6.8689
6.8462
6.8235
6.7999
6.7762
6.7594
6.7556
6.7556
6.7556
6.7556
6.7556
6.7556
6.7556
