6.7556
6.7556
6.7556
6.7556
6.7556
6.7556
6.7556
6.7556
6.7556
6.7556
6.7556
6.7556
6.7556
6.7556
6.7556
6.7556
6.7556
6.7556
6.7556
6.7556
6.7556
6.7556
6.7556
6.7556
6.7556
6.7556
6.7556
6.7556
6.7556
6.7562
6.758
6.7598
6.7642
6.7719
6.781
6.791
6.802
6.8141
6.8275
6.8425
6.8593
6.8813
6.9066
6.9356
6.9693
7.0103
7.0612
7.1233
7.2012
7.3028
7.4424
7.6486
7.9347
7.9875
7.8434
7.7781
7.7934
7.8721
7.9459
7.9716
8.08
7.9702
7.7202
7.5825
7.5334
7.5334
7.5321
7.4992
7.4307
7.3687
7.3182
7.2881
7.2776
7.2873
7.3058
7.3661
7.4423
7.4798
7.4118
7.3397
7.294
7.2733
7.2728
7.2905
7.3193
7.3435
7.3414
7.3094
7.265
7.2287
7.2029
7.1862
7.1781
7.1921
7.2069
7.2252
7.2729
7.3047
7.325
7.3303
7.3374
7.3341
7.313
7.2933
7.2777
7.2663
7.2592
7.2787
7.2875
7.3544
7.3623
7.3641
7.3701
7.3769
7.385
7.4001
7.4187
7.4353
7.4645
7.3786
7.5456
7.4512
7.4826
7.5171
7.5761
7.9113
8.6756
9.2957
9.3719
9.4465
9.5193
9.5779
9.6166
9.6492
9.682
9.7021
9.7106
9.7133
9.7249
9.7356
9.7376
9.7372
9.7319
9.7296
9.7262
9.7167
9.6849
9.6323
9.5833
9.5337
9.476
9.4174
9.361
9.3126
9.2638
9.2219
9.1914
9.1628
9.135
9.1012
9.0578
8.1994
7.8591
8.086
8.5834
8.0904
7.8388
7.4476
7.4516
7.4698
7.4794
7.4133
7.3704
7.3563
7.2895
7.2533
7.2011
7.1561
7.1059
7.0641
7.0378
7.0092
6.983
6.9604
6.9411
6.9136
6.8998
6.8879
6.8776
6.8685
6.8604
6.8533
6.8468
6.841
6.8358
6.8194
6.8156
6.812
6.8088
6.8058
6.7928
6.7907
6.7888
6.787
6.7799
6.775
6.7739
6.773
6.7721
6.7635
6.7631
6.7627
6.7623
6.762
6.7556
6.7556
6.7556
6.7556
6.7556
6.7556
6.7556
6.7556
6.7556
6.7556
6.7556
6.7556
6.7556
6.7556
6.7556
6.7556
6.7556
6.7556
6.7556
6.7556
6.7556
6.7556
6.7556
6.7556
6.7556
6.7556
