198.36
198.36
198.36
198.36
198.36
198.36
198.36
198.36
198.36
198.36
198.36
198.36
198.36
198.36
198.36
198.36
198.36
198.36
198.36
198.36
198.36
198.36
198.36
198.36
198.36
198.36
198.36
198.36
198.36
198.36
198.36
198.36
198.36
198.36
198.36
198.36
198.36
198.36
198.36
198.36
198.36
213.05
198.36
198.36
198.36
203.54
208.8
203.05
203.05
193.05
196.59
202.41
202.41
197.94
199.75
189.75
189.75
189.75
197.1
214.01
224.89
202.41
192.41
192.41
202.41
201.36
193.05
203.05
200.31
227.1
241.44
236.53
236.65
247.25
197.63
195.71
195.71
195.71
195.71
203.05
203.05
193.05
193.05
203.05
201.42
195.71
195.71
195.71
195.71
195.71
195.71
205.71
211.43
207.12
195.71
195.71
195.71
195.71
195.71
195.71
195.71
195.71
195.71
195.71
210.16
213.23
207.71
207.72
207.72
205.06
226.48
235.65
247.73
250.68
253.51
256.97
260.33
263.82
267.52
198.36
267.38
198.36
198.36
198.36
200.6
229.75
275.36
289.09
292.17
294.52
296.93
300.03
302.41
303.36
303.61
303.66
304.74
306.55
308.11
309.1
308.84
308.63
307.71
306.88
305.1
303.22
301.22
299.16
298.26
296.45
294.43
292.36
290.59
288.04
284.87
271.11
266.93
263.29
258.84
244.09
240.19
192.58
194.25
210.13
221
185.72
199.54
199.54
199.54
217.85
219.48
199.54
199.54
209.54
204.79
204.25
204.25
214.25
213.67
208.95
208.95
208.95
208.95
203.66
203.66
203.66
203.66
198.36
198.36
198.36
198.36
198.36
198.36
198.36
198.36
198.36
198.36
198.36
198.36
198.36
198.36
198.36
198.36
198.36
198.36
198.36
198.36
198.36
198.36
198.36
198.36
198.36
198.36
198.36
198.36
198.36
198.36
198.36
198.36
198.36
198.36
198.36
198.36
198.36
198.36
198.36
198.36
198.36
198.36
198.36
198.36
198.36
198.36
198.36
198.36
198.36
198.36
198.36
198.36
198.36
