198.36
198.36
198.36
198.36
198.36
198.36
198.36
198.36
198.36
198.36
198.36
198.36
198.36
198.36
198.36
198.36
198.36
198.36
198.36
198.36
198.36
198.36
198.36
198.36
198.36
198.36
198.36
198.36
198.36
198.36
198.36
198.36
198.36
198.36
198.36
198.36
198.36
198.36
198.36
198.36
198.36
198.36
198.36
198.36
198.36
198.36
198.36
198.36
198.36
198.36
198.36
198.36
198.36
198.36
198.36
198.36
198.36
198.36
198.36
198.36
198.36
198.36
198.36
198.36
198.36
198.36
198.36
198.36
198.36
198.36
198.36
198.36
198.36
198.36
198.36
198.36
198.36
202.61
207.72
207.72
197.72
197.72
197.72
197.72
204.99
206.8
207.65
207.81
197.72
197.72
207.72
207.72
205.88
198.67
198.36
198.36
198.36
198.36
198.36
198.36
198.36
198.36
198.36
198.36
198.36
198.36
198.36
198.36
198.36
198.36
198.36
198.36
198.36
198.36
198.36
198.36
198.36
198.36
198.36
198.36
198.36
198.36
198.36
198.36
198.36
198.36
198.36
198.36
198.36
198.36
198.36
198.36
198.36
198.36
198.36
198.36
198.36
198.36
200.43
205.71
205.71
195.71
195.71
195.71
195.71
195.71
195.71
200.88
236.4
231.52
235.89
240.48
254.62
258.81
261.36
262.39
264.42
268.6
272.51
275.5
267.1
277.74
279.93
282.52
285.32
287.8
290.49
290.91
291.32
290.75
289.93
287.61
286.28
294.19
283
281.89
279.07
277.01
276
275.42
282.9
268.48
265.97
264.14
261.34
267.85
263.72
260.8
257.94
254.62
250.82
246.6
243.36
240.45
237.54
235.2
232.04
228.92
225.19
222.22
218.47
216.37
214.29
211.61
208.13
204.98
204.08
203.36
202.16
201.1
200.05
200.8
201.2
200.52
199.93
199.63
199.23
198.74
198.36
198.36
198.36
198.36
198.36
198.36
198.36
198.36
198.36
198.36
198.36
198.36
198.36
198.36
198.36
198.36
198.36
198.36
198.36
198.36
198.36
198.36
