198.36
198.36
198.36
198.36
198.36
198.36
198.36
198.36
198.36
198.36
198.36
198.36
198.36
198.36
198.36
198.36
198.36
198.36
198.36
198.36
198.36
198.36
198.36
198.36
198.36
198.36
198.36
198.36
198.36
198.36
198.36
198.36
198.36
198.36
198.36
198.36
198.36
198.36
198.36
198.36
198.36
198.36
198.36
198.36
198.36
198.36
198.36
198.36
198.36
198.36
198.36
198.36
198.36
198.36
198.36
198.36
198.36
198.36
201.8
205.52
205.71
205.71
205.71
205.71
205.71
205.71
205.71
205.71
202.78
198.75
202.44
205.24
205.71
205.71
205.71
205.71
203.05
205.53
203.76
205.28
205.71
205.71
210.61
214.45
215.06
215.06
215.06
214.29
210.26
207.72
207.31
203.75
200.99
204.16
205.71
205.71
205.71
205.71
205.71
205.71
205.65
203.24
199.38
198.36
198.36
198.36
198.36
198.36
198.36
198.36
198.36
198.36
198.36
198.36
198.36
198.36
198.36
198.36
198.36
198.36
198.36
198.36
198.36
198.36
198.36
198.36
198.36
198.36
198.36
198.36
200.71
205.71
207.25
199
199.89
200.31
200.16
199.48
198.22
203.57
205.06
228.41
240.17
245
256.9
257.87
257.41
255.87
255.51
256.11
255.53
245.66
253.94
252.38
251.21
251.75
252.29
261.8
249.98
249.54
249.08
247.86
246.2
245.17
253.57
251.67
249.12
246
243.55
242.19
241.16
239.05
236.17
233.6
230.46
227.65
224.75
223.04
222.45
221.84
219.97
218.02
216.98
216.43
216.43
216.95
216.72
217.07
217.54
219.32
220.2
221.28
222.44
222.83
222.67
222.03
221.79
221.08
220.24
219.06
217.46
217.17
217.25
216.19
214.61
213.53
212.63
212.11
211.84
211.05
209.71
208.37
198.36
198.36
198.36
198.36
198.36
198.36
198.36
198.36
198.36
198.36
198.36
198.36
198.36
198.36
198.36
198.36
198.36
198.36
198.36
198.36
198.36
198.36
198.36
198.36
198.36
198.36
198.36
198.36
