198.36
198.36
198.36
198.36
198.36
198.36
198.36
198.36
198.36
198.36
198.36
198.36
198.36
198.36
198.36
198.36
198.36
198.36
198.36
198.36
198.36
200.5
201.53
202.21
205.22
205.93
207
210.46
212.74
214.51
217.33
218.32
219.34
220.39
223.76
225.06
226.26
227.37
228.44
229.42
230.36
231.26
232.08
232.77
233.35
235.38
237.15
237.84
238.4
238.73
238.88
238.91
238.77
238.49
240.55
242.06
242.12
242.15
242.12
241.99
241.74
241.41
241.1
240.82
240.56
238.09
236.09
234.51
234.6
236.55
237.72
236
233.49
233.44
232.69
230.27
230.18
230.07
229.83
229.48
229.12
228.78
228.47
226.84
226.1
225.82
225.53
225.18
224.73
224.17
223.55
222.96
222.29
219.96
218.1
216.89
215.91
215.03
214.26
213.45
212.56
211.61
210.62
208.58
206.86
206.2
205.6
205.03
204.49
203.99
203.52
203.06
202.62
201.64
202.66
218.71
233.9
235.77
237.68
239.22
212.13
212.64
213.12
213.78
217.29
218.01
218.74
219.46
220.17
220.91
226.37
231.75
235.23
237.69
240.82
242.26
243.37
244.46
245.57
246.84
248.3
249.65
251.42
255
260.98
264.66
267.95
273.39
278.27
284.19
280.26
285.2
288.14
341.16
394.59
420.28
417.47
423.44
430.1
437.81
445.39
451.87
468.03
475.1
481.51
487.01
482.15
477.44
472.41
478.33
483.1
488.21
501.79
503.9
507.13
508.79
498.89
498.43
497.99
498.22
497.58
494.89
490.77
495.11
489.54
484.18
478.92
473.48
478.03
473.3
457.91
452.82
457.81
451.89
447.79
453.58
454.43
442.94
428.03
422.3
416.77
412.36
416.83
411.27
396.63
391.88
386.2
390.63
395.42
379.73
373.87
368.95
373.8
334.89
328.13
319.58
311.2
308.4
303.6
296.97
287.62
312.48
271.44
308.37
303.24
298.62
293.62
251.84
250.14
247.14
241.83
233.39
227.05
254.25
220.22
217.64
239.38
245.66
242.3
242.3
