198.36
198.36
198.36
198.36
198.36
198.36
198.36
198.36
198.36
198.36
198.36
198.36
198.36
198.36
198.36
198.36
198.36
198.36
198.36
198.36
198.36
198.36
198.36
198.36
198.36
198.36
198.36
198.36
198.36
198.36
198.47
198.67
199.06
199.66
200.31
201.35
202.47
203.71
205.07
206.53
208.21
210.25
212.47
215.24
217.98
220.81
222.79
224.54
226.39
228.56
230.29
211.97
213.05
213.75
214.34
215.25
206.49
207.6
228.35
218.88
219.37
219.9
220.41
230.52
230.09
239.08
238.59
241.3
242.2
241.15
239.75
238.34
236.69
235.03
233.81
233.43
233.08
224.24
223.87
233.07
232.5
232.21
232.06
232.19
232.34
232.48
232.8
233.21
233.62
233.66
233.14
232.76
234.04
235.22
237.42
238.16
239.82
241.9
241.25
240.35
239.69
245.07
246.98
242.05
242.42
232.88
235.33
236.4
238.53
239.44
237.29
255.96
259.31
260.66
263.04
264.82
267
270.83
289.7
317.36
335.66
342.78
349.37
355.02
282.07
281.68
263.58
267.23
279.73
281.05
324.99
375.78
382.7
383.28
373.16
382.02
380.33
377.96
375.41
382.46
370.04
367.47
364.48
370.83
366.15
351.52
347.05
352.35
347.68
333.58
329.57
262.51
261.17
240.7
237.43
245.8
240.11
239.23
239.03
238.82
237.58
234.12
233.34
232.91
232.47
231.75
228.52
226.27
224.99
222.8
220.77
219
217.59
216.48
215.33
214.23
213.22
210.81
210.01
209.29
208.64
208.06
207.53
207.06
206.64
206.26
204.58
204.31
204.05
203.81
203.36
202.16
201.99
201.82
201.66
200.47
200.37
200.27
200.18
200.1
199.17
199.13
199.09
199.06
198.36
198.36
198.36
198.36
198.36
198.36
198.36
198.36
198.36
198.36
198.36
198.36
198.36
198.36
198.36
198.36
198.36
198.36
198.36
198.36
198.36
198.36
198.36
198.36
198.36
198.36
198.36
198.36
198.36
198.36
198.36
198.36
198.36
198.36
198.36
198.36
