198.36
198.36
198.36
198.36
198.36
198.36
198.36
198.36
198.36
198.36
198.36
198.36
198.36
198.36
198.36
198.36
198.36
198.36
198.36
198.36
198.36
198.36
198.36
198.36
198.36
198.36
198.36
198.36
198.36
198.36
198.36
198.36
198.36
198.36
198.36
198.36
198.36
198.36
198.36
198.36
198.36
198.36
198.36
198.36
198.36
198.36
198.36
198.36
198.36
198.36
198.36
198.36
198.36
198.36
198.36
198.36
198.36
198.36
198.36
198.36
198.36
198.36
198.36
198.36
198.36
198.36
198.36
198.36
198.36
198.36
198.36
198.36
198.36
198.36
198.36
198.36
198.36
205.76
207.72
207.72
197.72
197.72
197.72
197.72
197.72
197.72
207.72
207.72
207.25
199.44
198.36
198.36
198.36
198.36
198.36
198.36
198.36
198.36
198.36
198.36
198.36
198.36
198.36
198.36
198.36
198.36
198.36
198.36
198.36
198.36
198.36
198.36
198.36
198.36
198.36
198.36
198.36
198.36
198.36
198.36
198.36
198.36
198.36
198.36
198.36
198.36
198.36
198.36
198.36
198.36
198.36
198.36
198.36
198.36
198.36
198.36
198.36
198.36
198.36
198.36
198.36
198.36
198.36
198.36
198.36
198.36
200.75
207.72
207.72
197.72
197.72
197.72
197.72
234.22
294.81
301.76
295.43
299.23
304.86
310.91
317.11
334.42
340.15
345.02
348.81
351.7
354.09
347.59
342.69
337.46
341.67
356.12
359.08
361.79
365.14
367.4
377.02
377.33
357.58
358.35
358.92
369.53
379.6
369.36
370.5
369.54
376.87
373.55
370.84
368.27
366.37
366.47
365.39
364.16
362.75
370.68
374.04
374.69
360.82
345.74
339.92
343.42
337.92
342.45
328.28
314.4
310.42
327.02
323.76
309.61
304.3
308.87
303.92
207.72
207.72
207.72
207.72
201.48
198.36
198.36
198.36
224.1
198.36
244.18
230.7
243.74
238.97
198.36
198.36
198.36
198.36
198.36
198.36
198.36
198.36
198.36
198.36
198.36
207.85
207.85
