198.36
198.36
198.36
198.36
198.36
198.36
198.36
198.36
198.36
198.36
198.36
198.36
198.36
198.36
198.36
198.36
198.36
198.36
198.36
198.36
198.36
198.36
198.36
198.36
198.36
198.36
198.36
198.36
198.36
198.36
198.36
198.36
198.36
198.36
198.36
198.36
198.36
198.36
198.36
198.36
198.36
198.36
198.36
198.36
198.36
198.36
198.36
198.36
198.36
198.36
198.36
198.36
198.36
198.36
198.36
198.36
198.36
198.36
198.36
198.36
198.36
198.36
198.36
198.36
198.36
198.36
198.36
198.36
198.36
198.36
198.36
198.36
198.36
198.36
198.36
198.36
199.06
204.7
207.72
207.72
207.72
207.72
207.72
207.72
207.72
207.72
207.72
207.72
205.69
200.31
198.36
198.36
198.36
198.36
198.36
198.36
198.36
198.36
198.36
198.36
198.36
198.36
198.36
198.36
198.36
198.36
198.36
198.36
198.36
198.36
198.36
198.36
198.36
198.36
198.36
198.36
198.36
198.36
198.36
198.36
198.36
198.36
198.36
198.36
198.36
198.36
198.36
198.36
198.36
198.36
198.36
198.36
198.36
198.36
198.36
198.36
198.36
198.36
198.36
198.36
198.36
198.36
198.36
198.36
198.36
198.36
201.24
207.6
207.72
207.72
197.72
197.72
197.72
219.73
233.01
233.9
235.72
227.4
231.96
237.22
252.98
257.8
261.15
263.71
263.84
262.07
261.46
261.98
265.56
257.6
259.53
250.61
254.4
256.42
267.29
266.89
267.04
265.38
264.69
256.73
262.17
277.08
290.98
291.86
281.73
282.98
284.37
284.93
284.68
284.81
295.22
294.85
284.05
284.39
294.24
293.95
297.78
300.65
288.01
283.89
277.72
272.23
267.6
273.98
270.21
247.19
255.89
264.16
262.22
259.24
255.52
252.1
247.62
207.72
207.72
207.72
207.35
201.74
198.36
198.36
198.36
207.59
198.36
212.87
210.27
207.62
204.89
198.36
198.36
198.36
198.36
198.36
198.36
198.36
198.36
198.36
198.36
198.36
198.36
198.36
