6.7556
6.7556
6.7556
6.7556
6.7556
6.7556
6.7556
6.7556
6.7556
6.7556
6.7556
6.7556
6.7556
6.7556
6.7556
6.7556
6.7556
6.7556
6.7556
6.7556
6.7556
6.7556
6.7556
6.7556
6.7556
6.7556
6.7556
6.7556
6.7556
6.7556
6.7556
6.7556
6.7556
6.7556
6.7556
6.7556
6.7556
6.7556
6.7556
6.7556
6.7556
6.7556
6.7556
6.7556
6.7556
6.7556
6.7556
6.7556
6.7556
6.7556
6.7556
6.7556
6.7556
6.7556
6.7556
6.7556
6.7556
6.7556
6.7556
6.7556
6.7556
6.7556
6.7556
6.7556
6.7556
6.7556
6.7556
6.7556
6.7556
6.7556
6.7556
6.7556
6.7556
6.7556
6.7556
6.7556
6.7556
6.7556
6.7556
6.8104
6.8701
6.9273
6.9804
7.0274
7.1879
7.2117
7.2165
7.2003
7.043
6.9994
6.9484
6.8928
6.8342
6.7736
6.7556
6.7556
6.7556
6.7556
6.7556
6.7556
6.7556
6.7556
6.7556
6.7556
6.7556
6.7556
6.7556
6.7556
6.7556
6.7556
6.7556
6.7556
6.7556
6.7556
6.7556
6.7556
6.7556
6.7556
6.7556
6.7556
6.7556
6.7556
6.7556
6.7556
6.7556
6.7556
6.7556
6.7556
6.7556
6.7556
6.7556
6.7556
6.7556
6.7743
6.8292
6.8824
6.9331
6.98
7.0657
7.2667
7.3071
7.3164
7.4823
7.689
7.1673
7.1813
7.5535
7.842
7.8659
7.9096
7.9138
7.9168
7.9721
8.0005
7.968
7.9871
8.0222
8.0953
8.1014
8.1184
8.0969
8.0933
8.069
8.0302
8.0525
8.0143
7.9911
7.9753
7.9149
7.8875
7.8594
7.8199
7.7618
7.7308
7.6736
7.6214
7.5612
7.4984
7.4391
7.3754
7.3185
7.2621
7.1917
7.1469
7.1086
7.0814
7.0472
7.0101
6.9804
6.9596
6.9414
6.9256
6.9089
6.8963
6.8846
6.8684
6.8714
6.871
6.8638
6.862
6.8672
6.875
6.8811
6.8726
6.8577
6.8472
6.8403
6.8344
6.8269
6.8198
6.8162
6.8057
6.7934
6.7872
6.7875
6.7902
6.7921
6.7914
6.7832
6.7797
6.7793
6.7783
6.7769
6.7752
6.7686
6.7636
6.7625
6.7612
6.7599
6.7586
6.7569
6.7556
6.7556
6.7556
6.7556
6.7556
6.7556
6.7556
6.7556
6.7556
