198.36
198.36
198.36
198.36
198.36
198.36
198.36
198.36
198.36
198.36
198.36
198.36
198.36
198.36
198.36
198.36
198.36
198.36
198.36
198.36
198.36
198.36
198.36
198.36
198.36
198.36
198.36
198.36
198.36
198.36
198.36
198.36
198.36
198.36
198.36
198.36
198.36
198.36
198.36
198.36
198.36
198.36
198.36
198.36
198.36
198.36
198.36
198.36
199.89
212.66
213.05
203.05
193.05
196.01
202.41
202.41
192.41
199.36
199.75
209.75
199.75
205.53
202.41
196.85
195.06
205.06
205.06
209.08
208.52
201.42
199.49
198.36
198.36
198.36
198.36
198.36
200.74
202.98
204.03
203.67
202.07
198.91
198.36
198.36
198.36
198.36
198.36
198.36
198.36
198.36
198.36
198.36
198.36
198.36
198.36
198.36
198.36
198.36
198.36
200.03
207.72
207.72
197.72
197.72
197.72
197.72
197.72
197.72
197.72
197.72
197.72
197.72
197.72
212.67
213.9
199.49
203.05
193.05
193.05
199.24
200.39
190.39
190.39
190.39
205.69
205.04
188.35
188.35
200.98
203.64
186.3
186.3
186.3
196.3
193.08
188.95
188.95
229.53
204.15
198.95
188.95
188.95
201.71
204.24
198.95
188.95
188.95
213.24
214.25
214.25
214.25
209.84
211.08
214.24
214.08
208.95
208.95
208.95
205.35
205.54
206.24
202.4
200.22
198.36
198.36
198.36
198.36
198.36
198.36
198.36
198.36
198.36
198.36
198.36
198.36
198.36
198.36
198.36
198.36
198.36
198.36
198.36
198.36
198.36
198.36
198.36
198.36
198.36
198.36
198.36
198.36
198.36
198.36
198.36
198.36
198.36
198.36
198.36
198.36
198.36
198.36
198.36
198.36
198.36
198.36
198.36
198.36
198.36
198.36
198.36
198.36
198.36
198.36
198.36
198.36
198.36
198.36
198.36
198.36
198.36
198.36
198.36
198.36
198.36
198.36
198.36
198.36
198.36
198.36
198.36
198.36
198.36
198.36
198.36
198.36
198.36
198.36
198.36
198.36
198.36
