198.36
198.36
198.36
198.36
198.36
198.36
198.36
198.36
198.36
198.36
198.36
198.36
198.36
198.36
198.36
198.36
198.36
198.36
198.36
198.36
198.36
198.36
198.36
198.36
198.36
198.36
198.36
198.36
198.36
198.36
198.36
198.36
198.36
198.36
198.36
198.36
198.36
198.36
198.36
198.36
198.36
198.36
198.36
198.36
198.36
198.36
199.7
212.3
213.05
193.05
193.05
195.63
202.41
202.41
194.41
199.75
199.75
189.75
189.75
189.75
199.75
206.28
204.6
202.41
202.41
202.41
202.35
193.05
203.05
198.88
195.71
205.89
213.04
211.53
195.71
195.71
195.71
195.71
195.71
195.71
195.71
197.61
213.02
213.05
206.85
205.71
195.71
205.71
205.71
205.71
205.71
202.94
198.36
198.36
198.36
200.12
204.52
205.71
205.71
205.71
209.03
195.06
214.63
197.72
197.72
197.72
197.72
197.72
197.72
197.72
197.72
219.75
242.78
245.34
258.37
260.97
255.28
258.73
268.76
262.46
265.05
256.74
258.46
259.62
193.05
193.05
193.05
193.78
199.97
200.39
240.34
277.17
268.48
287.07
285.12
283.73
283.19
281.9
280.84
279.64
278.6
277.46
277.18
276.59
275.28
263.4
261.33
258.05
255.09
251.88
238.51
188.95
188.95
192.27
194.25
194.25
194.25
204.25
209.51
209.54
219.54
214.25
214.25
219.49
219.54
215.38
214.25
214.25
214.25
210.27
208.95
208.95
208.95
203.66
203.66
203.66
201.3
198.36
198.36
198.36
198.36
198.36
198.36
198.36
198.36
198.36
198.36
198.36
198.36
198.36
198.36
198.36
198.36
198.36
198.36
198.36
198.36
198.36
198.36
198.36
198.36
198.36
198.36
198.36
198.36
198.36
198.36
198.36
198.36
198.36
198.36
198.36
198.36
198.36
198.36
198.36
198.36
198.36
198.36
198.36
198.36
198.36
198.36
198.36
198.36
198.36
198.36
198.36
198.36
198.36
198.36
198.36
198.36
198.36
198.36
198.36
198.36
198.36
198.36
198.36
