6.7556
6.7556
6.7556
6.7556
6.7556
6.7556
6.7556
6.7556
6.7556
6.7556
6.7556
6.7556
6.7556
6.7556
6.7556
6.7556
6.7556
6.7556
6.7556
6.7556
6.7556
6.7556
6.7556
6.7556
6.7556
6.7556
6.7556
6.7556
6.7556
6.7556
6.7556
6.7556
6.7556
6.7556
6.7556
6.7556
6.7556
6.7556
6.7556
6.7556
6.7556
6.7556
6.7556
6.7556
6.7556
6.7556
6.7556
6.7556
6.7556
6.7556
6.7556
6.7556
6.7556
6.7556
6.7556
6.7556
6.7556
6.7556
6.7556
6.7556
6.7556
6.7556
6.7556
6.7556
6.7556
6.7556
6.7556
6.7556
6.7556
6.7556
6.7556
6.7556
6.7556
6.7556
6.7556
6.7556
6.7618
6.8138
6.8616
6.9041
6.9394
6.9652
6.9794
6.9807
6.9687
6.9449
6.9114
6.8703
6.8236
6.7728
6.7556
6.7556
6.7556
6.7556
6.7556
6.7556
6.7556
6.7556
6.7556
6.7556
6.7556
6.7556
6.7556
6.7556
6.7556
6.7556
6.7556
6.7556
6.7556
6.7556
6.7556
6.7556
6.7556
6.7556
6.7556
6.7556
6.7556
6.7556
6.7556
6.7556
6.7556
6.7556
6.7556
6.7556
6.7556
6.7556
6.7556
6.7556
6.7556
6.7556
6.7556
6.7556
6.7556
6.7556
6.7556
6.7556
6.7556
6.7556
6.7556
6.7556
6.7556
6.7556
6.7556
6.7556
6.7556
6.7556
6.7809
6.8477
6.9149
6.9825
7.1678
7.2242
7.278
7.3737
7.2364
7.6451
7.7013
7.7153
7.7548
7.8155
7.8912
7.9631
7.9734
7.9411
8.0952
8.0804
8.0632
8.1163
8.1845
8.2096
8.2149
8.2609
8.254
8.297
8.3127
8.3462
8.4011
8.3966
8.3431
8.3546
8.4266
8.4399
8.447
8.4295
8.4301
8.3737
8.4456
8.4933
8.4639
8.4247
8.4274
8.4107
8.3871
8.3686
8.3622
8.2845
8.0236
8.1622
8.2144
8.1676
8.1035
8.0421
7.9504
7.7846
7.8084
7.8119
7.7642
7.6277
7.5004
7.5427
7.4839
7.4141
7.3423
6.9185
6.9045
6.8925
6.8409
6.7852
6.7556
6.7556
6.7556
6.8476
6.7556
6.888
6.8631
6.838
6.8127
6.7556
6.7556
6.7556
6.7556
6.7556
6.7556
6.7556
6.7556
6.7556
6.7556
6.7556
6.7556
6.7556
