198.36
198.36
198.36
198.36
198.36
198.36
198.36
198.36
198.36
198.36
198.36
198.36
198.36
198.36
198.36
198.36
198.36
198.36
198.36
198.36
198.36
198.98
200.33
200.88
201.46
202.08
205.5
206.46
207.45
209.09
210.31
211.55
212.93
214.42
215.99
217.78
219.87
221.84
223.49
224.96
226.4
227.91
229.34
230.56
231.81
233.07
233.98
234.89
235.78
236.67
237.75
238.69
239.36
239.93
240.55
241.12
241.58
242
242.55
242.92
243.09
243.25
243.2
243.07
242.73
242.04
241.45
240.93
240.82
240.6
240.68
240.55
240.14
239.7
239.04
236.95
236.72
236.26
235.53
234.95
234.25
233.11
235.39
226.76
226.12
225.6
225.1
224.61
224.09
233.64
233.29
233.09
232.73
232.28
231.49
230.56
229.47
227.98
226.41
225.11
223.94
222.86
221.89
220.97
223.07
222.47
237.28
220.91
220.2
221.63
222.01
241.63
222.78
223.18
223.57
223.45
225.21
227.88
231.54
235.07
235.94
236.46
237.28
241.41
242.73
244.02
245.11
246.18
247.08
246.87
249.49
255.5
264.66
268.98
272.21
274.83
278.14
273.04
275.03
277.22
286.43
297.83
348.01
383.75
330.91
332.44
373.58
417.3
451.65
447
452.05
456.74
450.17
462.47
464.6
466.61
469.68
472.64
464
465.25
476.9
479.11
481.16
481.1
470.43
469.69
467.85
475.41
473.1
470.6
467.58
473.31
468.9
463.35
458.45
453.68
449.1
445.37
450.58
445.96
440.93
436.19
431.34
425.27
420.11
414.97
408.8
402.78
397.59
392.49
387.52
382.51
377.49
372.5
367.3
362.07
356.84
350.82
344.62
338.9
332.8
325.77
318.35
310.7
302.99
295.7
288.72
283.7
279.2
274.7
270.43
265.69
261.16
255.89
250.94
246.76
241.98
237.41
233.82
230.01
226.64
224.14
222.35
220.65
218.93
216.56
213.62
210.88
208.64
205.91
203.15
200.63
198.72
198.36
198.36
198.36
198.36
198.36
198.36
198.36
