198.36
198.36
198.36
198.36
198.36
198.36
198.36
198.36
198.36
198.36
198.36
198.36
198.36
198.36
198.36
198.36
198.36
198.36
198.36
198.36
198.36
198.36
198.36
198.36
198.36
198.36
198.36
198.63
199.11
199.71
200.62
201.59
202.62
203.75
205.02
206.39
207.8
209.25
211.12
213.31
215.88
218.74
220.59
222.04
223.27
224.62
226.49
228
229.48
220.9
221.86
222.55
223.15
223.71
224.45
225.62
227.14
218.03
218.54
229.03
229.57
230
222.14
231.74
231.36
231.49
231.99
231.88
232.6
231.72
240.85
239.62
238.54
227.96
227.67
227.53
226.35
225.47
224.82
224.31
233.96
233.62
223.34
223.17
223.23
223.23
222.98
221.57
227.02
232.54
232.69
232.53
232.45
232.46
232.04
222.69
223.01
222.03
221.3
222.91
223.98
223.47
233.15
232.94
232.82
234.14
236.14
237.94
241.47
242.71
242.5
242.48
242.58
243.19
242.63
242.66
243.14
243.88
249.56
252.74
254.61
257.92
260.51
262.18
264.14
266.13
268.16
262.29
267.51
270.06
275.66
321.63
370.19
393.24
399.53
404.96
409.64
423
425.8
428.13
430.47
432.37
434.67
436.41
448.11
449.15
450.22
451.03
450.83
449.75
448.87
447.03
444.76
442.78
440.03
436.89
432.83
429.48
425.85
421.61
416.33
410.84
404.34
397.06
390.91
385.82
380.49
374.48
367.64
360.94
354.27
280.02
322.45
317.63
333.43
262.24
306.48
302.89
301.87
244.74
237.21
227.47
226.37
225.87
222.64
221.87
211.2
209.74
208.96
218.16
217.29
216.5
215.35
213.86
212.85
211.92
210.87
209.8
208.92
208.19
207.56
207
206.5
206.06
204.55
204.23
203.93
203.67
203.41
202.16
201.98
201.8
201.62
201.07
200.41
200.31
200.21
200.11
199.22
199.17
199.13
199.09
199.05
198.36
198.36
198.36
198.36
198.36
198.36
198.36
198.36
198.36
198.36
198.36
198.36
198.36
198.36
198.36
198.36
198.36
