6.7556
6.7556
6.7556
6.7556
6.7556
6.7556
6.7556
6.7556
6.7556
6.7556
6.7556
6.7556
6.7556
6.7556
6.7556
6.7556
6.7556
6.7556
6.7556
6.7556
6.7556
6.7556
6.7556
6.7556
6.7556
6.7556
6.7556
6.7556
6.7556
6.7556
6.7556
6.7556
6.7556
6.7556
6.7556
6.7556
6.7556
6.7556
6.7556
6.7556
6.7556
6.7556
6.7556
6.7556
6.7556
6.7556
6.7556
6.7556
6.77
6.8854
6.9996
7.1072
7.2051
7.4268
7.5488
7.637
7.6757
7.7167
7.7206
7.7195
7.6563
7.5593
7.3319
7.2318
7.1567
7.0794
6.9882
6.9007
6.8377
6.7843
6.7676
6.7556
6.7556
6.7556
6.7556
6.7556
6.775
6.7908
6.7977
6.7954
6.7841
6.7642
6.7556
6.7556
6.7556
6.7556
6.7556
6.7556
6.7556
6.7556
6.7556
6.7556
6.7556
6.7556
6.7556
6.7556
6.7556
6.7556
6.7556
6.7765
6.842
6.9073
6.9723
7.0367
7.1716
7.2308
7.2692
7.2733
7.2924
7.2539
7.196
7.0216
6.9547
6.9242
6.9219
6.9525
7.0813
7.2809
7.3946
7.6555
7.7834
7.8454
7.3915
7.802
7.9305
7.9033
7.8057
7.6759
7.8232
7.8134
7.7738
7.6222
7.7513
7.705
7.6347
7.4349
7.3731
7.5722
7.2718
7.2318
7.1062
7.0896
7.0821
7.0908
7.0966
7.1261
7.1353
7.1186
7.1189
7.102
7.0821
7.0474
7.0191
6.9997
6.9817
6.9458
6.925
6.8902
6.8428
6.8275
6.8111
6.7821
6.7679
6.7556
6.7556
6.7556
6.7556
6.7556
6.7556
6.7556
6.7556
6.7556
6.7556
6.7556
6.7556
6.7556
6.7556
6.7556
6.7556
6.7556
6.7556
6.7556
6.7556
6.7556
6.7556
6.7556
6.7556
6.7556
6.7556
6.7556
6.7556
6.7556
6.7556
6.7556
6.7556
6.7556
6.7556
6.7556
6.7556
6.7556
6.7556
6.7556
6.7556
6.7556
6.7556
6.7556
6.7556
6.7556
6.7556
6.7556
6.7556
6.7556
6.7556
6.7556
6.7556
6.7556
6.7556
6.7556
6.7556
6.7556
6.7556
6.7556
6.7556
6.7556
6.7556
6.7556
6.7556
6.7556
6.7556
6.7556
6.7556
6.7556
6.7556
6.7556
6.7556
6.7556
6.7556
6.7556
6.7556
6.7556
