198.36
198.36
198.36
198.36
198.36
198.36
198.36
198.36
198.36
198.36
198.36
198.36
198.36
198.36
198.36
198.36
198.36
198.36
198.36
198.36
198.36
198.36
198.36
198.36
198.36
198.36
198.36
198.36
198.36
198.36
198.36
198.36
198.36
198.36
198.36
198.36
198.36
198.36
198.36
198.36
198.36
198.36
198.36
198.36
198.36
201.74
205.46
205.71
205.71
205.71
206.15
209.39
212.2
217.42
221.55
218.19
215.06
216.39
221.21
218.49
214.52
203.05
202.78
199.14
195.71
195.71
195.71
195.71
198.64
213.05
193.05
203.42
203.15
212.14
195.71
195.71
195.71
199.88
213.05
213.05
213.05
201.03
195.71
195.71
195.71
212.41
219.71
219.19
217.48
216
204.3
202.46
202.41
212.41
212.41
212.32
195.71
209.1
206.12
206.85
204.07
202.09
200.95
201.26
201.48
201.63
201.71
198.36
198.36
198.36
198.36
198.36
198.36
198.36
198.36
198.36
198.36
198.36
198.36
198.36
198.36
198.36
198.36
198.36
198.36
203.92
205.71
205.71
195.71
195.71
196.28
200.2
202.72
203.05
203.06
209.65
208.98
221.76
234.86
239.93
241.36
241.91
241.29
239.03
238.78
238.46
227.05
227.65
228.22
237.23
235.21
233.84
231.71
228.76
226.12
224.69
231.59
228.76
225.64
223.38
222.5
222.05
222.15
221.48
221.25
220.61
218.84
216.93
215.52
214.64
213.89
213.5
213.1
213.82
214.58
215.35
216.59
218.04
219.21
220.89
222.18
223.74
224.64
224.84
224.84
224.84
224.84
224.84
224.84
224.75
214.25
214.25
214.09
211.05
208.95
219.26
218.43
217.08
215.92
214.67
214.09
213.49
203.66
203.66
201.06
198.36
198.36
198.36
198.36
198.36
198.36
198.36
198.36
198.36
198.36
198.36
198.36
198.36
198.36
198.36
198.36
198.36
198.36
198.36
198.36
198.36
198.36
198.36
198.36
198.36
198.36
198.36
198.36
198.36
198.36
198.36
198.36
198.36
198.36
198.36
