198.36
198.36
198.36
198.36
198.36
198.36
198.36
198.36
198.36
198.36
198.36
198.36
198.36
198.36
198.36
198.36
198.36
198.36
198.36
198.36
198.36
198.36
198.36
198.36
198.36
198.36
198.36
198.36
198.36
198.36
198.36
198.36
198.36
198.36
198.36
198.36
198.36
198.36
198.36
198.36
198.36
198.36
198.36
198.36
198.36
202.23
205.71
205.71
205.71
205.71
195.71
208.39
213.37
218.11
222.41
218.62
215.06
216.14
222.36
218.99
203.38
203.05
203.05
199.64
195.71
195.71
195.71
195.71
199.03
203.05
217.1
247.67
246.76
246.11
195.71
195.71
195.71
200.85
203.05
193.05
203.05
202.58
195.71
195.71
195.71
219.75
231.07
230.7
230.52
230.26
229.6
238.95
229.04
228.88
228.66
228.34
195.71
226.75
225.69
224.7
223.43
222.09
221.49
221.75
232.08
233.1
233.73
198.36
198.36
198.36
198.36
198.36
198.36
198.36
198.36
198.36
198.36
198.36
198.36
198.36
198.36
198.36
198.36
198.36
198.36
205.37
205.71
195.71
195.71
195.71
195.71
201.38
203.05
203.05
203.05
211.71
209.81
240.39
288.52
310.21
316.18
321.05
324.65
329.69
334.34
328.08
332
334.74
337.07
339.12
350.05
349.85
349.08
348.5
346.41
344.08
340.76
348.09
345.55
342.46
339.91
337.28
334.86
331.25
327.89
324.12
320.45
315.78
311.39
307.37
302.75
297.77
294.22
290.5
286.08
281.69
277.46
272.47
267.73
262.87
258.35
254.64
250.53
246.31
242.28
238.59
236.09
233.53
232.13
230.52
214.25
214.25
214.25
212.01
208.95
219.23
224.15
224.42
224.23
223.98
223.64
223.2
203.66
203.66
202.44
198.36
198.36
198.36
198.36
198.36
198.36
198.36
198.36
198.36
198.36
198.36
198.36
198.36
198.36
202.18
201.85
200.73
200.1
198.36
198.36
198.36
198.36
198.36
198.36
198.36
198.36
198.36
198.36
198.36
198.36
198.36
198.36
198.36
198.36
198.36
