6.7556
6.7556
6.7556
6.7556
6.7556
6.7556
6.7556
6.7556
6.7556
6.7556
6.7556
6.7556
6.7556
6.7556
6.7556
6.7556
6.7556
6.7556
6.7556
6.7556
6.7556
6.7556
6.7556
6.7556
6.7556
6.7556
6.7556
6.7556
6.7556
6.7556
6.7556
6.7556
6.7556
6.7556
6.7556
6.7556
6.7556
6.7556
6.7556
6.7556
6.7556
6.7556
6.7556
6.7556
6.7556
6.7911
6.8502
6.8999
6.9378
6.9614
6.9691
6.9838
7.0065
7.0313
7.0654
7.0675
7.0716
7.089
7.1569
7.1945
7.2028
7.2058
7.1992
7.1802
7.1664
7.1608
7.1306
7.0898
7.0784
7.1004
7.5676
7.7676
7.7677
7.7717
7.1083
7.1118
7.0986
7.1223
7.1733
7.19
7.1855
7.1454
7.1198
7.1518
7.1629
7.6155
7.6887
7.6494
7.6123
7.5804
7.5543
7.5374
7.5352
7.54
7.5518
7.5691
7.1316
7.5901
7.5694
7.5244
7.4657
7.4046
7.3544
7.3175
7.2845
7.2641
7.2464
6.7556
6.7556
6.7556
6.7556
6.7556
6.7556
6.7556
6.7556
6.7556
6.7556
6.7556
6.7556
6.7556
6.7556
6.7556
6.7556
6.7556
6.7556
6.8241
6.9091
6.9928
7.0688
7.1098
7.1553
7.2491
7.3019
7.2946
7.2385
7.2474
7.2672
7.7109
8.3538
8.6962
8.7828
8.8464
8.845
8.8995
8.9438
8.9536
8.9518
8.9437
8.9319
8.9116
8.8847
8.8589
8.8256
8.7872
8.7333
8.6624
8.5881
8.5271
8.469
8.4109
8.3526
8.2978
8.2529
8.1999
8.1547
8.1169
8.0783
8.0313
7.9876
7.9505
7.9085
7.8682
7.8394
7.811
7.7751
7.7386
7.6993
7.6555
7.6175
7.5792
7.5419
7.5107
7.4737
7.4453
7.4137
7.3803
7.3524
7.3299
7.3216
7.3054
7.0569
7.0157
6.984
6.9566
6.9253
7.0599
7.1316
7.1629
7.1486
7.1296
7.1081
7.0859
6.8462
6.8299
6.795
6.7556
6.7556
6.7556
6.7556
6.7556
6.7556
6.7556
6.7556
6.7556
6.7556
6.7556
6.7556
6.7556
6.7556
6.7931
6.7892
6.7783
6.7725
6.7556
6.7556
6.7556
6.7556
6.7556
6.7556
6.7556
6.7556
6.7556
6.7556
6.7556
6.7556
6.7556
6.7556
6.7556
6.7556
6.7556
