6.7556
6.7556
6.7556
6.7556
6.7556
6.7556
6.7556
6.7556
6.7556
6.7556
6.7556
6.7556
6.7556
6.7556
6.7556
6.7556
6.7556
6.7556
6.7556
6.7556
6.7591
6.7682
6.7791
6.7915
6.7966
6.802
6.8353
6.8469
6.8555
6.8773
6.8891
6.9014
6.9143
6.9276
6.9476
6.9641
6.9811
6.9986
7.0163
7.0342
7.0521
7.0697
7.087
7.1035
7.1191
7.1432
7.1585
7.1724
7.1845
7.195
7.2036
7.2103
7.2153
7.2184
7.2287
7.2306
7.2317
7.2321
7.2312
7.2289
7.2255
7.2209
7.2154
7.2091
7.2024
7.1954
7.1883
7.1813
7.1863
7.1821
7.1783
7.175
7.1593
7.1472
7.1503
7.1549
7.1612
7.1696
7.1572
7.17
7.1956
7.2232
7.2861
7.3995
7.6876
7.7683
7.5447
7.3817
7.2773
7.2161
7.1765
7.1464
7.1221
7.1014
7.0831
7.0663
7.0505
7.0353
7.0205
7
6.9877
6.9756
6.9637
6.9521
6.9406
6.9295
6.937
6.9436
6.9355
6.9238
6.9262
6.9351
6.9322
6.9297
6.9282
6.9279
6.9349
6.9368
6.939
6.9415
6.9444
6.9719
7.0058
7.0338
7.0558
7.0999
7.1148
7.1301
7.1459
7.1621
7.1789
7.1963
7.2165
7.238
7.2857
7.3657
7.4249
7.4551
7.4933
7.5795
7.6651
7.7432
7.8281
7.9355
8.1231
8.4071
8.5054
8.3818
8.7314
9.6652
10.45
10.58
10.706
10.807
10.913
11.001
11.054
11.089
11.119
11.148
11.196
11.262
11.332
11.391
11.443
11.468
11.447
11.397
11.348
11.263
11.184
11.113
11.026
10.935
10.864
10.802
10.735
10.668
10.593
10.461
10.187
10.243
10.188
10.067
9.9357
9.8052
9.6738
9.5522
9.4497
9.3573
9.2604
9.1615
9.0693
8.9763
8.8928
8.8118
8.7273
8.6388
8.5542
8.4744
8.4002
8.3375
8.2753
8.2045
8.1358
8.0692
7.9999
7.9347
7.8717
7.8073
7.7452
7.6873
7.627
7.562
7.4993
7.4356
7.3752
7.3285
7.2894
7.2479
7.213
7.177
7.1399
7.106
7.0767
7.0456
7.0146
6.9857
6.9597
6.9343
6.9098
6.8923
6.8803
6.8714
6.8626
6.8539
6.8389
6.8235
6.812
6.812
