198.36
198.36
198.36
198.36
198.36
198.36
198.36
198.36
198.36
198.36
198.36
198.36
198.36
198.36
198.36
198.36
198.36
198.36
198.36
198.36
198.36
198.36
198.63
199.15
199.7
200.28
202.57
203.71
204.69
205.74
206.91
208.28
209.63
211.01
212.58
214.3
216.15
218.26
220.29
222.16
223.77
225.21
226.75
228.31
229.64
231.08
232.24
232.99
233.81
234.64
235.56
236.63
237.85
238.66
239.31
239.76
240.21
240.72
241.88
242.55
243.16
243.41
243.55
243.56
243.45
243.19
242.72
241.92
241.3
240.53
240.03
240.01
239.84
239.46
238.87
238.06
241.35
240.57
239.94
235.49
237.77
238.33
238.08
235.91
235.84
235.83
235.2
234.65
234.06
233.55
233.37
233.27
233.15
232.83
232.34
231.38
230.3
229.15
227.85
226.3
224.99
224.03
226.72
228.15
228.81
228.38
227.96
227.36
227.07
244.2
225.72
225.36
227.06
230.76
233.39
234.05
235.55
238.66
239.55
240.38
240.65
241.95
243.8
244.87
246.3
249.24
255.9
262.54
264
267.37
270.9
272.84
274.66
276.51
278.74
272.49
279.32
288.75
296.07
298.02
300.72
364.13
393.9
417.81
423.64
438.92
443.17
447.49
449.99
442.33
454.89
457.87
461.78
463.84
475.39
477.28
479.03
489.37
478.57
477.13
476.46
475.3
473.56
472.44
470.09
466.42
472.66
468.58
465.15
461.49
457.56
452.13
445.73
439.8
434.71
429.68
423.69
417.64
411.81
406.17
401.22
396.22
390.62
385.91
380.99
376.49
371.19
365
358.65
352.63
346.36
340.14
333.57
326.98
320.92
314.01
307.53
301.94
297.76
294.22
290
285.53
280.33
274.62
269.13
263.9
258.83
254.2
250.1
246.16
242.87
239.98
213.35
206.96
201.33
201.29
201.22
201.13
201.03
200.92
200.46
200.36
200.26
200.16
200.05
199.96
199.57
199.49
200.82
201.31
201.4
200.62
199.62
199.33
199.38
199.43
199.47
199.3
199.29
199.29
