6.7556
6.7556
6.7556
6.7556
6.7556
6.7556
6.7556
6.7556
6.7556
6.7556
6.7556
6.7556
6.7556
6.7556
6.7556
6.7556
6.7556
6.7556
6.7556
6.7556
6.7556
6.774
6.7831
6.7895
6.8164
6.8246
6.8351
6.8662
6.8871
6.9037
6.9296
6.9397
6.9498
6.9598
6.9895
7.0017
7.0138
7.0256
7.0371
7.0481
7.0585
7.0683
7.0772
7.0852
7.0922
7.1117
7.1275
7.1335
7.1383
7.1419
7.1443
7.1456
7.1456
7.1444
7.1633
7.1765
7.1765
7.1756
7.174
7.1718
7.169
7.1657
7.1621
7.1582
7.1541
7.1309
7.1123
7.0976
7.0978
7.1151
7.1266
7.1117
7.0935
7.1002
7.1039
7.0947
7.1066
7.1197
7.1338
7.1485
7.1623
7.1729
7.1772
7.1619
7.1461
7.1284
7.1073
7.0852
7.0636
7.0434
7.0246
7.0072
6.991
6.9639
6.945
6.9336
6.9227
6.9123
6.9023
6.8927
6.8834
6.8744
6.8658
6.8485
6.8338
6.8281
6.8225
6.8172
6.8121
6.8071
6.8024
6.7978
6.7934
6.7843
6.7928
6.941
7.0734
7.0898
7.1075
7.1222
6.8829
6.8877
6.8925
6.8992
6.9301
6.9367
6.9433
6.95
6.9567
6.9641
7.0129
7.0614
7.0944
7.12
7.1537
7.1707
7.1846
7.1989
7.2135
7.2287
7.2456
7.2646
7.2886
7.3314
7.3991
7.4503
7.4965
7.5664
7.6419
7.7305
7.8326
7.9545
8.1067
8.6644
9.0546
10.192
10.335
10.424
10.531
10.663
10.811
10.94
10.965
11.051
11.268
11.354
11.429
11.507
11.573
11.661
11.75
11.85
11.934
11.998
12.051
12.033
11.999
11.968
11.922
11.866
11.798
11.719
11.635
11.555
11.466
11.335
11.286
11.196
11.07
10.931
10.828
10.742
10.644
10.541
10.45
10.313
9.9403
10.039
10.04
9.9481
9.8494
9.7615
9.6414
9.4294
9.4303
9.395
9.2836
9.0782
8.8958
8.9163
8.8211
8.7204
8.6195
8.2136
8.1097
7.9975
7.894
7.8433
7.7753
7.6972
7.5984
7.8205
7.4382
7.7652
7.711
7.6647
7.6174
7.2432
7.227
7.1968
7.1469
7.0697
7.0128
7.2523
6.9509
6.9272
7.1164
7.1702
7.1399
7.1399
