6.557
6.557
6.557
6.557
6.557
6.557
6.557
6.557
6.557
6.557
6.557
6.557
6.557
6.557
6.557
6.557
6.557
6.557
6.557
6.557
6.557
6.557
6.557
6.557
6.557
6.557
6.557
6.557
6.557
6.557
6.557
6.557
6.557
6.557
6.557
6.557
6.557
6.557
6.557
6.557
6.557
6.557
6.557
6.557
6.557
6.557
6.6695
7.6267
8.7441
9.851
10.94
13.705
15.213
16.257
13.901
17.077
19.323
19.524
18.358
17.697
17.239
16.063
15.09
13.702
13.084
12.39
10.651
9.6783
9.0566
8.3997
7.981
7.7396
7.8401
7.8612
7.8784
8.1983
8.4342
8.5632
8.5692
8.4515
8.2251
8.0536
8.0422
7.9322
7.7225
7.7839
7.8542
7.8249
7.6986
7.485
7.1983
6.853
6.557
6.557
6.557
6.6908
6.9374
7.1133
7.2086
7.217
7.3996
11.557
11.685
8.2482
8.6773
10.153
10.427
10.601
10.603
10.424
10.128
9.7946
9.5788
9.1841
8.9313
8.712
8.5396
7.7518
7.6269
7.5017
7.3768
7.2525
7.1293
7.0076
6.557
6.557
6.557
6.557
6.557
6.557
6.557
6.557
6.557
6.557
6.557
6.557
6.557
6.557
6.557
6.557
6.557
6.557
6.557
6.557
6.557
6.557
6.557
6.557
6.557
6.557
6.557
6.557
6.557
6.557
6.557
6.557
6.557
6.557
6.557
6.557
6.557
6.557
6.557
6.557
6.557
6.557
6.557
6.557
6.557
6.557
6.557
6.557
6.557
6.557
6.557
6.557
6.557
6.557
6.557
6.557
6.557
6.557
6.557
6.557
6.557
6.557
6.557
6.557
6.557
6.557
6.557
6.557
6.557
6.557
6.557
6.557
6.557
6.557
6.557
6.557
6.557
6.557
6.557
6.557
6.557
6.557
6.557
6.557
6.557
6.557
6.557
6.557
6.557
6.557
6.557
6.557
6.557
6.557
6.557
6.557
6.557
6.557
6.557
6.557
6.557
6.557
6.557
6.557
6.557
6.557
6.557
6.557
6.557
6.557
6.557
6.557
6.557
6.557
6.557
6.557
