20.522
20.522
20.522
20.522
20.522
20.522
20.522
20.522
20.522
20.522
20.522
20.522
20.522
20.522
20.522
20.522
20.522
20.522
20.522
20.522
20.522
20.522
20.522
20.522
20.522
20.522
20.522
20.522
20.522
20.522
20.522
20.522
20.522
20.522
20.522
20.522
20.522
20.522
20.522
20.522
20.522
20.522
20.522
20.522
21.261
27.866
27.866
24.635
25.21
25.21
20.498
24.566
25.04
21.911
31.911
21.911
21.911
30.715
27.851
24.566
14.566
24.566
24.566
21.162
15.21
25.21
23.776
56.599
63.682
69.839
60.61
61.341
71.847
71.393
70.456
69.322
67.62
65.055
62.475
51.663
15.21
15.21
25.21
25.004
17.866
25.828
17.866
17.866
41.911
17.866
17.866
35.21
35.21
17.866
17.866
17.866
17.866
17.866
20.522
17.866
17.866
17.866
17.866
17.866
17.866
27.866
24.488
20.522
20.522
20.522
20.522
20.522
20.522
20.522
20.522
20.522
20.522
20.522
20.522
20.522
20.522
20.522
20.522
20.522
20.522
20.522
20.522
20.522
20.522
20.522
20.522
20.522
26.673
26.96
26.432
25.976
25.453
24.873
24.285
23.726
23.176
22.632
22.112
21.603
21.033
20.522
20.522
20.522
20.522
20.522
20.522
20.522
20.522
20.522
20.522
20.522
20.522
20.522
20.522
20.522
20.522
20.522
20.522
20.522
20.522
20.522
20.522
20.522
20.522
20.522
20.522
20.522
20.522
20.522
20.522
20.522
20.522
20.522
20.522
20.522
20.522
20.522
20.522
20.522
20.522
20.522
20.522
20.522
20.522
20.522
20.522
20.522
20.522
20.522
20.522
20.522
20.522
20.522
20.522
20.522
20.522
20.522
20.522
20.522
20.522
20.522
20.522
20.522
20.522
20.522
20.522
20.522
20.522
20.522
20.522
20.522
20.522
20.522
20.522
20.522
20.522
20.522
20.522
20.522
20.522
20.522
20.522
20.522
20.522
20.522
20.522
20.522
20.522
20.522
20.522
20.522
20.522
20.522
20.522
20.522
