20.522
20.522
20.522
20.522
20.522
20.522
20.522
20.522
20.522
20.522
20.522
20.522
20.522
20.522
20.522
20.522
20.522
20.522
20.522
20.522
20.522
20.522
20.522
20.522
20.522
20.522
20.522
20.522
20.522
20.522
20.522
20.522
20.522
20.522
20.522
20.522
20.522
20.522
20.522
20.522
20.522
27.866
20.522
20.522
20.522
24.717
30.625
35.21
25.21
25.21
18.882
24.555
24.566
28.98
21.911
21.911
11.911
11.911
19.255
9.2545
9.2545
24.566
24.566
24.566
24.566
22.065
25.21
25.21
21.693
21.911
31.653
33.441
33.275
33.096
19.802
17.866
17.866
17.866
17.875
24.579
25.21
25.21
25.21
25.21
22.385
17.866
17.866
17.866
17.866
17.866
27.866
27.866
32.303
29.442
27.866
27.866
17.866
17.866
17.866
17.866
17.866
17.866
17.866
28.763
32.167
32.557
29.1
29.644
29.727
27.222
27.113
26.181
24.366
22.829
30.9
29.878
29.878
29.878
29.878
20.522
29.278
20.522
20.522
20.522
20.522
20.522
20.522
20.522
20.522
20.522
20.522
20.522
20.522
20.522
20.522
20.522
20.522
20.522
20.522
20.522
20.522
20.522
20.522
20.522
20.522
20.522
20.522
20.522
20.522
20.522
20.522
20.522
20.522
20.522
20.522
20.522
20.522
20.522
20.522
20.522
20.522
20.522
20.522
20.522
20.522
20.522
20.522
20.522
20.522
20.522
20.522
20.522
20.522
20.522
20.522
20.522
20.522
20.522
20.522
20.522
20.522
20.522
20.522
20.522
20.522
20.522
20.522
20.522
20.522
20.522
20.522
20.522
20.522
20.522
20.522
20.522
20.522
20.522
20.522
20.522
20.522
20.522
20.522
20.522
20.522
20.522
20.522
20.522
20.522
20.522
20.522
20.522
20.522
20.522
20.522
20.522
20.522
20.522
20.522
20.522
20.522
20.522
20.522
20.522
20.522
20.522
20.522
20.522
20.522
20.522
20.522
20.522
20.522
20.522
20.522
20.522
20.522
20.522
20.522
20.522
