6.557
6.557
6.557
6.557
6.557
6.557
6.557
6.557
6.557
6.557
6.557
6.557
6.557
6.557
6.557
6.557
6.557
6.557
6.557
6.557
6.557
6.557
6.557
6.557
6.557
6.557
6.557
6.557
6.557
6.557
6.557
6.557
6.557
6.557
6.557
6.557
6.557
6.557
6.557
6.557
6.557
6.557
6.557
6.557
6.557
6.557
6.557
6.557
6.557
6.557
6.557
6.557
6.557
6.557
6.557
6.557
6.557
6.557
6.8147
7.1718
7.4754
7.7115
7.8658
7.9265
7.8888
7.7559
7.5386
7.2511
6.9078
6.5854
6.8774
7.1119
7.2784
7.3682
7.3761
7.3016
10.142
12.233
12.249
7.1195
7.3927
7.5985
8.0878
8.4472
8.6544
8.7004
8.5832
8.3079
7.8868
7.5258
7.2743
6.9601
6.7511
7.0194
7.2725
7.4604
7.5732
7.604
7.551
7.4178
7.2131
6.9474
6.6317
6.557
6.557
6.557
6.557
6.557
6.557
6.557
6.557
6.557
6.557
6.557
6.557
6.557
6.557
6.557
6.557
6.557
6.557
6.557
6.557
6.557
6.557
6.557
6.557
6.557
6.557
6.557
6.557
6.557
6.557
6.557
6.557
6.557
6.557
6.557
6.557
6.557
6.557
6.557
6.557
6.557
6.557
6.557
6.557
6.557
6.557
6.557
6.557
6.557
6.557
6.557
6.557
6.557
6.557
6.557
6.557
6.557
6.557
6.557
6.557
6.557
6.557
6.557
6.557
6.557
6.557
6.557
6.557
6.557
6.557
6.557
6.557
6.557
6.557
6.557
6.557
6.557
6.557
6.557
6.557
6.557
6.557
6.557
6.557
6.557
6.557
6.557
6.557
6.557
6.557
6.557
6.557
6.557
6.557
6.557
6.557
6.557
6.557
6.557
6.557
6.557
6.557
6.557
6.557
6.557
6.557
6.557
6.557
6.557
6.557
6.557
6.557
6.557
6.557
6.557
6.557
6.557
6.557
6.557
6.557
6.557
6.557
6.557
6.557
6.557
6.557
6.557
6.557
6.557
6.557
6.557
6.557
6.557
6.557
6.557
6.557
6.557
