198.36
198.36
198.36
198.36
198.36
198.36
198.36
198.36
198.36
198.36
198.36
198.36
198.36
198.36
198.36
198.36
198.36
198.36
198.36
198.36
198.36
198.36
198.36
198.36
198.36
198.36
198.36
198.36
198.36
198.36
198.36
198.36
198.36
198.36
198.36
198.36
198.36
198.36
198.36
198.36
198.36
198.36
198.36
198.36
198.36
198.36
198.36
198.36
199.89
212.66
213.05
213.05
213.05
216.01
212.41
212.41
212.41
219.36
229.75
229.75
229.75
225.53
222.41
216.85
215.06
215.06
215.06
209.08
208.52
201.42
199.49
198.36
198.36
198.36
198.36
198.36
200.74
202.98
204.03
203.67
202.07
198.91
198.36
198.36
198.36
198.36
198.36
198.36
198.36
198.36
198.36
198.36
198.36
198.36
198.36
198.36
198.36
198.36
198.36
200.03
207.72
207.72
207.72
207.72
207.72
197.72
197.72
197.72
197.72
197.72
207.72
207.72
207.72
212.67
213.9
209.49
213.05
213.05
213.05
219.24
210.39
210.39
220.39
210.39
205.69
205.04
208.35
208.35
210.98
203.64
206.3
206.3
206.3
196.3
203.08
198.95
198.95
239.53
204.15
208.95
208.95
208.95
211.71
214.24
208.95
208.95
208.95
213.24
214.25
214.25
214.25
209.84
211.08
214.24
214.08
208.95
208.95
208.95
205.35
205.54
206.24
202.4
200.22
198.36
198.36
198.36
198.36
198.36
198.36
198.36
198.36
198.36
198.36
198.36
198.36
198.36
198.36
198.36
198.36
198.36
198.36
198.36
198.36
198.36
198.36
198.36
198.36
198.36
198.36
198.36
198.36
198.36
198.36
198.36
198.36
198.36
198.36
198.36
198.36
198.36
198.36
198.36
198.36
198.36
198.36
198.36
198.36
198.36
198.36
198.36
198.36
198.36
198.36
198.36
198.36
198.36
198.36
198.36
198.36
198.36
198.36
198.36
198.36
198.36
198.36
198.36
198.36
198.36
198.36
198.36
198.36
198.36
198.36
198.36
198.36
198.36
198.36
198.36
198.36
198.36
