198.36
198.36
198.36
198.36
198.36
198.36
198.36
198.36
198.36
198.36
198.36
198.36
198.36
198.36
198.36
198.36
198.36
198.36
198.36
198.36
198.36
198.36
198.36
198.36
198.36
198.36
198.36
198.36
198.36
198.36
198.36
198.36
198.36
198.36
198.36
198.36
198.36
198.36
198.36
198.36
198.36
198.36
198.36
198.36
198.36
198.36
198.36
198.36
198.36
198.36
198.36
198.36
198.36
198.36
198.36
198.36
198.36
198.36
198.36
198.36
198.36
198.36
198.36
198.36
198.36
198.36
198.36
198.36
198.36
198.36
198.36
198.36
198.36
198.36
198.36
198.36
200.74
207.34
207.72
207.72
207.72
197.72
197.72
197.72
197.72
197.72
197.72
207.72
207.72
207.72
207.72
203.78
198.36
198.36
198.36
198.36
198.36
198.36
198.36
198.36
198.36
198.36
198.36
198.36
198.36
198.36
198.36
198.36
198.36
198.36
198.36
198.36
198.36
198.36
198.36
198.36
198.36
198.36
198.36
198.36
198.36
198.36
198.36
198.36
198.36
198.36
198.36
198.36
198.36
198.36
198.36
198.36
198.36
198.36
198.36
198.36
198.36
198.36
198.36
198.36
198.36
198.36
201.8
205.69
205.71
210.45
215.04
215.06
215.06
215.06
215.06
215.06
229.73
249.19
253.42
259.51
265.36
269.9
272.5
274.66
274.89
276.55
279.19
279.69
280.4
282.09
284.03
285.43
286.69
286.48
287.26
290.89
296.01
300.09
302.28
304.68
303.6
304.45
304.41
303.74
302.96
303.45
302.71
301.34
299.76
299.17
297.53
296.22
294.44
292.23
288.59
283.27
278.27
274.89
273.01
270.1
266.25
263.01
259.98
256.01
252.1
248.39
244.96
240.92
236.91
233.04
229.91
226.78
224.21
223.01
221.41
219.43
217.25
214.36
210.7
206.84
204.45
202.24
200.68
199.15
198.36
198.36
198.36
198.36
198.36
198.36
198.36
198.36
198.36
198.36
198.36
198.36
198.36
198.36
198.36
198.36
198.36
198.36
198.36
198.36
