6.7556
6.7556
6.7556
6.7556
6.7556
6.7556
6.7556
6.7556
6.7556
6.7556
6.7556
6.7556
6.7556
6.7556
6.7556
6.7556
6.7556
6.7556
6.7556
6.7556
6.7556
6.7556
6.7556
6.7556
6.7556
6.7556
6.7556
6.7556
6.7556
6.7556
6.7556
6.7556
6.7556
6.7556
6.7556
6.7556
6.7556
6.7556
6.7556
6.7556
6.7556
6.7556
6.7556
6.7556
6.7556
6.7556
6.7556
6.7556
6.7556
6.7556
6.7556
6.7556
6.7556
6.7556
6.7556
6.7556
6.7556
6.7556
6.7556
6.7556
6.7556
6.7556
6.7556
6.7556
6.7556
6.7556
6.7556
6.7556
6.7556
6.7556
6.7556
6.7556
6.7556
6.7556
6.7556
6.7556
6.7766
6.8408
6.904
6.9656
7.0248
7.1881
7.2359
7.2703
7.2757
7.2494
7.2039
7.1551
6.9894
6.9289
6.8667
6.8033
6.7556
6.7556
6.7556
6.7556
6.7556
6.7556
6.7556
6.7556
6.7556
6.7556
6.7556
6.7556
6.7556
6.7556
6.7556
6.7556
6.7556
6.7556
6.7556
6.7556
6.7556
6.7556
6.7556
6.7556
6.7556
6.7556
6.7556
6.7556
6.7556
6.7556
6.7556
6.7556
6.7556
6.7556
6.7556
6.7556
6.7556
6.7556
6.7556
6.7556
6.7556
6.7556
6.7556
6.7556
6.7556
6.7556
6.7556
6.7556
6.7556
6.7556
6.786
6.835
6.8811
6.9643
7.056
7.1336
7.1919
7.2251
7.2291
7.2026
7.5365
7.709
7.7551
7.8176
7.8874
7.9022
7.9277
7.9542
8.0082
8.0241
8.066
8.0988
8.0965
8.1226
8.158
8.2246
8.2299
8.2401
8.3066
8.3321
8.3365
8.3584
8.3456
8.3394
8.3436
8.327
8.3561
8.3853
8.4318
8.3864
8.3788
8.3743
8.3363
8.2944
8.2402
8.183
8.1191
8.0956
8.0755
8.0104
7.9424
7.8787
7.824
7.7613
7.7128
7.6537
7.5902
7.5126
7.4402
7.3733
7.3144
7.2623
7.2092
7.1576
7.1168
7.0758
7.034
7.0091
6.9892
6.9633
6.9359
6.9038
6.8671
6.833
6.8092
6.7895
6.776
6.7626
6.7556
6.7556
6.7556
6.7556
6.7556
6.7556
6.7556
6.7556
6.7556
6.7556
6.7556
6.7556
6.7556
6.7556
6.7556
6.7556
6.7556
6.7556
6.7556
6.7556
