198.36
198.36
198.36
198.36
198.36
198.36
198.36
198.36
198.36
198.36
198.36
198.36
198.36
198.36
198.36
198.36
198.36
198.36
198.36
198.36
198.36
198.36
198.36
198.36
198.36
198.36
198.36
198.36
198.36
198.36
198.36
198.36
198.36
198.36
198.36
198.36
198.36
198.36
198.36
198.36
198.36
198.36
198.36
198.36
198.36
198.36
198.36
198.36
198.36
198.36
198.36
198.36
198.36
198.36
198.36
198.36
198.36
198.36
198.36
198.36
198.36
198.36
198.36
198.36
198.36
198.36
198.36
198.36
198.36
198.36
198.36
198.36
198.36
198.36
198.36
198.36
198.36
202.74
207.72
207.72
207.72
207.72
207.72
197.72
205.06
219.75
219.75
219.7
207.72
207.72
207.72
207.72
207.35
198.36
198.36
198.36
198.36
198.36
198.36
198.36
198.36
198.36
198.36
198.36
198.36
198.36
198.36
198.36
198.36
198.36
198.36
198.36
198.36
198.36
198.36
198.36
198.36
198.36
198.36
198.36
198.36
198.36
198.36
198.36
198.36
198.36
198.36
198.36
198.36
198.36
198.36
198.36
198.36
198.36
198.36
198.36
198.36
198.36
200.47
205.71
205.71
205.71
205.71
195.71
195.71
195.71
195.71
201.32
255.7
319.26
340.3
346.45
353.69
358.6
363.08
366.59
370.41
373.79
376.18
378.53
381
381.94
382.64
384.91
386.68
387.06
386.72
385.16
384.2
383.41
382.13
380.81
378.56
377.17
374.8
372.36
370.25
368
366
362.62
359.15
355.71
352.03
348.65
345.95
342.85
338.97
335.58
332.56
328.78
324.46
320.01
315.21
309.57
305.08
300.74
295.91
290.75
287.64
284.61
280.99
277.3
272.25
266.18
260.05
254.91
250.01
244.91
240.06
235.79
232.18
228.29
225.42
223.19
221.07
218.47
215.19
211.41
207.44
204.39
202.28
200.47
199.41
198.46
198.38
198.36
198.36
198.36
198.36
198.36
198.36
198.36
198.36
198.36
198.36
198.36
198.36
198.36
198.36
198.36
