198.36
198.36
198.36
198.36
198.36
198.36
198.36
198.36
198.36
198.36
198.36
198.36
198.36
198.36
198.36
198.36
198.36
198.36
198.36
198.36
198.36
198.36
198.36
198.36
198.36
198.36
198.36
198.36
198.36
198.36
198.36
198.36
198.36
198.36
198.36
198.36
198.36
198.36
198.36
198.36
198.36
198.36
198.36
198.36
198.36
198.36
198.36
198.36
198.36
198.36
198.36
198.36
198.36
198.36
198.36
198.36
198.36
198.36
198.36
198.36
198.36
198.36
198.36
198.36
198.36
198.36
198.36
198.36
198.36
198.36
198.36
198.36
198.36
198.36
198.36
198.36
198.36
205.76
207.72
207.72
207.72
207.72
207.72
207.72
207.72
207.72
207.72
207.72
207.25
199.44
198.36
198.36
198.36
198.36
198.36
198.36
198.36
198.36
198.36
198.36
198.36
198.36
198.36
198.36
198.36
198.36
198.36
198.36
198.36
198.36
198.36
198.36
198.36
198.36
198.36
198.36
198.36
198.36
198.36
198.36
198.36
198.36
198.36
198.36
198.36
198.36
198.36
198.36
198.36
198.36
198.36
198.36
198.36
198.36
198.36
198.36
198.36
198.36
198.36
198.36
198.36
198.36
198.36
198.36
198.36
198.36
200.75
207.72
207.72
207.72
207.72
197.72
197.72
244.22
294.81
311.76
315.43
319.23
324.86
330.91
337.11
344.42
350.15
355.02
358.81
361.7
364.09
367.59
372.69
377.46
381.67
386.12
389.08
391.79
395.14
397.4
397.02
397.33
397.58
398.35
398.92
399.53
399.6
399.36
400.5
399.54
396.87
393.55
390.84
388.27
386.37
386.47
385.39
384.16
382.75
380.68
374.04
374.69
370.82
365.74
359.92
353.42
347.92
342.45
338.28
334.4
330.42
327.02
323.76
319.61
314.3
308.87
303.92
207.72
207.72
207.72
207.72
201.48
198.36
198.36
198.36
224.1
198.36
244.18
230.7
243.74
238.97
198.36
198.36
198.36
198.36
198.36
198.36
198.36
198.36
198.36
198.36
198.36
207.85
207.85
