198.36
198.36
198.36
198.36
198.36
198.36
198.36
198.36
198.36
198.36
198.36
198.36
198.36
198.36
198.36
198.36
198.36
198.36
198.36
198.36
198.36
198.36
198.36
198.36
198.36
198.36
198.36
198.36
198.36
198.36
198.36
198.36
198.36
198.36
198.36
198.36
198.36
198.36
198.36
198.36
198.36
198.36
198.36
198.36
199.48
205.44
205.91
210.89
213.05
203.05
207.96
212.4
213.34
219.41
229.75
229.75
229.75
217.16
213.61
212.41
212.41
212.41
222.41
208.49
203.05
213.05
210.33
219.75
219.61
230.15
230.29
230.25
229.27
216.27
213.38
211.51
210.99
212.38
213.31
212.95
213.05
213.05
203.05
201.55
205.71
198.53
195.71
195.71
219.47
205.71
205.71
212.45
212.65
205.81
205.71
195.71
195.71
195.71
198.36
205.71
195.71
195.71
205.71
205.71
205.71
205.71
201.81
198.36
198.36
198.36
198.36
198.36
198.36
198.36
198.36
198.36
198.36
198.36
198.36
198.36
198.36
198.36
200.05
205.7
205.71
205.71
205.71
195.71
195.71
195.71
197.6
229.39
244.34
246.64
248.38
250.06
250.42
249.88
248.63
248.93
249.68
248.98
247.58
244.94
241.88
240.07
239.33
238.93
237.82
235.48
233.09
231.49
229.72
227.07
226.22
225.06
224.54
222.7
221.06
219.05
218.41
216.75
217.7
218.5
219.46
219.12
220.03
220.8
221.83
221.77
222.72
214.16
224.13
224.76
224.84
219.54
224.84
224.84
224.84
219.54
219.54
217.91
214.25
214.25
214.25
214.25
213.3
208.22
208.95
208.95
208.95
207.3
203.66
203.66
203.66
203.66
200.08
198.36
198.36
198.36
198.36
198.36
198.36
198.36
198.36
198.36
198.36
198.36
198.36
198.36
198.36
198.36
198.36
198.36
198.36
198.36
198.36
198.36
198.36
198.36
198.36
198.36
198.36
198.36
198.36
198.36
198.36
198.36
198.36
198.36
198.36
198.36
198.36
198.36
198.36
198.36
198.36
198.36
198.36
198.36
