198.36
198.36
198.36
198.36
198.36
198.36
198.36
198.36
198.36
198.36
198.36
198.36
198.36
198.36
198.36
198.36
198.36
198.36
198.36
198.36
198.36
198.36
198.36
198.36
198.36
198.36
198.36
198.36
198.36
198.36
198.36
198.36
198.36
198.36
198.36
198.36
198.36
198.36
198.36
198.36
198.36
198.36
198.36
198.36
199.1
205.71
205.71
212.48
213.05
213.05
218.34
212.41
212.88
229.75
229.75
229.75
229.75
228.56
225.69
212.41
212.41
222.41
222.41
209
203.05
203.05
201.62
234.44
241.52
257.68
258.45
259.18
259.69
259.23
248.3
247.16
245.46
242.9
240.32
249.5
213.05
213.05
213.05
202.84
195.71
203.67
195.71
195.71
229.75
205.71
205.71
213.05
213.05
205.71
205.71
205.71
195.71
195.71
198.36
195.71
195.71
195.71
205.71
205.71
205.71
205.71
202.33
198.36
198.36
198.36
198.36
198.36
198.36
198.36
198.36
198.36
198.36
198.36
198.36
198.36
198.36
198.36
199.93
205.71
205.71
205.71
205.71
205.71
195.71
195.71
196.71
246.1
293.55
307.16
310.21
313.63
317.15
319.91
321.67
324.03
326.08
328.52
330.45
331.65
332.26
332.72
333.23
332.75
332.52
331.46
329.46
328.4
326.78
323.38
319.66
317.16
314.52
311.62
308.14
304.86
301.66
297.94
295.01
291.45
286.38
282.45
278.34
273.87
269.17
264.37
259.54
214.25
245.37
240.77
245.46
219.54
233.41
232.53
234.34
219.54
219.54
219.28
214.25
214.25
214.25
214.25
214.22
208.95
208.95
208.95
208.95
208.68
203.66
203.66
203.66
203.66
200.81
198.36
198.36
198.36
198.36
198.36
198.36
198.36
198.36
198.36
198.36
198.36
198.36
198.36
198.36
198.36
198.36
198.36
198.36
198.36
198.36
198.36
198.36
198.36
198.36
198.36
198.36
198.36
198.36
198.36
198.36
198.36
198.36
198.36
198.36
198.36
198.36
198.36
198.36
198.36
198.36
198.36
198.36
198.36
