6.7556
6.7556
6.7556
6.7556
6.7556
6.7556
6.7556
6.7556
6.7556
6.7556
6.7556
6.7556
6.7556
6.7556
6.7556
6.7556
6.7556
6.7556
6.7556
6.7556
6.7556
6.7556
6.7556
6.7556
6.7556
6.7556
6.7556
6.7556
6.7556
6.7556
6.7556
6.7556
6.7556
6.7556
6.7556
6.7556
6.7556
6.7556
6.7556
6.7556
6.7556
6.7556
6.7556
6.7556
6.7556
6.7556
6.7556
6.7556
6.7556
6.7556
6.7556
6.7556
6.7556
6.7556
6.7556
6.7556
6.7556
6.7556
6.7556
6.7556
6.7556
6.7556
6.7556
6.7556
6.7556
6.7556
6.7556
6.7556
6.7556
6.7556
6.7556
6.7556
6.7556
6.7556
6.7556
6.7556
6.7556
6.7556
6.7556
6.8194
6.906
6.9888
7.0576
7.0956
7.1329
7.1602
7.1657
7.1468
7.1128
7.0749
7.0194
6.9389
6.854
6.7661
6.7556
6.7556
6.7556
6.7556
6.7556
6.7556
6.7556
6.7556
6.7556
6.7556
6.7556
6.7556
6.8866
6.7556
6.7556
6.7556
6.7556
6.7556
6.7556
6.7556
6.7556
6.7556
6.7556
6.7556
6.7556
6.7556
6.7556
6.7556
6.7556
6.7556
6.7556
6.7556
6.7556
6.7556
6.7556
6.7556
6.7556
6.7556
6.7556
6.775
6.8546
6.9317
7.0053
7.0722
7.1582
7.2443
7.3022
7.3207
7.8257
8.371
7.3214
7.3262
8.095
8.7263
9.0362
9.1182
9.1841
9.2325
9.2737
9.3189
9.3618
9.3939
9.4292
9.4592
9.4677
9.4627
9.4691
9.4553
9.4292
9.3817
9.3266
9.2631
9.2183
9.1738
9.1306
9.0749
9.0109
8.9364
8.8465
8.7967
8.7302
8.6431
8.5569
8.4765
8.3936
8.3068
8.2245
8.1492
8.0877
8.0207
7.9656
7.9098
7.8517
7.8062
7.7687
7.7192
7.6761
7.6313
7.5823
7.5232
7.4593
7.3957
7.3444
7.299
7.2641
7.2328
7.1984
7.1619
7.1302
7.0912
7.0542
7.0279
6.9971
6.9658
6.9326
6.9069
6.8897
6.8761
6.8608
6.8444
6.842
6.8419
6.8408
6.8387
6.8356
6.8317
6.8272
6.8155
6.8067
6.8019
6.7968
6.7916
6.7862
6.7766
6.7715
6.7673
6.7631
6.7589
6.7556
6.7556
6.7556
6.7556
6.7556
6.7556
6.7556
6.7556
