6.7556
6.7556
6.7556
6.7556
6.7556
6.7556
6.7556
6.7556
6.7556
6.7556
6.7556
6.7556
6.7556
6.7556
6.7556
6.7556
6.7556
6.7556
6.7556
6.7556
6.7556
6.7556
6.7556
6.7556
6.7556
6.7556
6.7556
6.7556
6.7556
6.7556
6.7556
6.7556
6.7556
6.7556
6.7556
6.7556
6.7556
6.7556
6.7556
6.7556
6.7556
6.7556
6.7556
6.7556
6.7556
6.7556
6.7556
6.7556
6.7556
6.7556
6.7556
6.7556
6.7556
6.7556
6.7556
6.7556
6.7556
6.7556
6.792
6.8529
6.9046
6.9449
6.9712
6.9815
6.9751
6.9524
6.9154
6.8664
6.8079
6.7556
6.8027
6.8427
6.871
6.8864
6.8877
6.875
7.4348
7.5635
7.5966
6.844
6.8905
6.9256
6.9935
7.0547
7.0901
7.0979
7.0779
7.031
6.9592
6.9052
6.8624
6.8088
6.7745
6.8269
6.87
6.9021
6.9213
6.9266
6.9175
6.8948
6.8599
6.8146
6.7608
6.7556
6.7556
6.7556
6.7556
6.7556
6.7556
6.8733
6.7556
6.7556
6.7556
6.7556
6.7556
6.7556
6.7556
6.7556
6.7556
6.7556
6.7556
6.7556
6.7556
6.7556
6.7556
6.7556
6.7556
6.7556
6.7556
6.7556
6.7773
6.875
6.9843
7.0668
7.1254
7.1856
7.2546
7.3084
7.2827
7.2801
7.3126
7.8496
8.4816
8.8399
8.9195
8.991
9.046
9.0912
9.1216
9.1296
9.1406
9.1613
9.1814
9.2071
9.2401
9.2597
9.2413
8.9492
9.1159
9.1678
9.0941
9.0086
8.9151
8.8214
8.7331
8.6538
8.5865
8.5278
8.4672
8.3999
8.329
8.247
8.1772
8.1111
8.0538
8.0022
7.9586
7.9059
7.8549
7.8118
7.7703
7.7313
7.6899
7.6484
7.6018
7.5474
7.497
7.4547
7.4128
7.3801
7.3424
7.3021
7.2719
7.2446
7.2146
7.1834
7.153
7.1219
7.088
7.0656
7.0474
7.0362
7.0218
7.0063
6.9938
6.9878
6.9852
6.9804
6.9736
6.9652
6.9556
6.9452
6.7556
6.7556
6.7556
6.7556
6.7556
6.7556
6.7556
6.7556
6.7556
6.7556
6.7556
6.7556
6.7556
6.7556
6.7556
6.7556
6.7556
6.7627
6.7619
6.7603
6.7588
6.7581
6.7582
6.7556
6.7556
6.7556
6.7556
6.7556
