6.7556
6.7556
6.7556
6.7556
6.7556
6.7556
6.7556
6.7556
6.7556
6.7556
6.7556
6.7556
6.7556
6.7556
6.7556
6.7556
6.7556
6.7556
6.7556
6.7556
6.7556
6.7556
6.7556
6.7556
6.7556
6.7556
6.7556
6.7556
6.7556
6.7556
6.7556
6.7556
6.7556
6.7556
6.7556
6.7556
6.7556
6.7556
6.7556
6.7556
6.7556
6.7556
6.7556
6.7556
6.7556
6.7556
6.7556
6.7556
6.7556
6.7556
6.7556
6.7556
6.7556
6.7556
6.7556
6.7556
6.7556
6.7556
6.786
6.828
6.8637
6.8915
6.9096
6.9168
6.9123
6.8967
6.8711
6.8373
6.7969
6.759
6.7933
6.8209
6.8405
6.8511
6.852
6.8432
7.1774
7.4234
7.4253
6.8218
6.854
6.8782
6.9357
6.978
7.0024
7.0078
6.994
6.9616
6.9121
6.8696
6.84
6.8031
6.7785
6.81
6.8398
6.8619
6.8752
6.8788
6.8726
6.8569
6.8328
6.8016
6.7644
6.7556
6.7556
6.7556
6.7556
6.7556
6.7556
6.7556
6.7556
6.7556
6.7556
6.7556
6.7556
6.7556
6.7556
6.7556
6.7556
6.7556
6.7556
6.7556
6.7556
6.7556
6.7556
6.7556
6.7556
6.7556
6.7556
6.7556
6.7758
6.8433
6.9239
7.0059
7.1713
7.2175
7.2604
7.2907
7.2892
7.3074
7.3203
7.6941
7.8432
7.8867
7.9047
7.9333
7.8912
7.8691
7.859
7.8949
7.8715
7.8621
7.8628
7.8708
7.8331
7.8647
7.8243
7.5544
7.6993
7.7646
7.7122
7.643
7.578
7.5284
7.4842
7.4496
7.4138
7.3347
7.2947
7.2626
7.2317
7.1863
7.1505
7.1146
7.0729
7.0328
6.9998
6.9844
6.976
6.9694
6.96
6.9459
6.9346
6.9343
6.9364
6.9395
6.9454
6.9538
6.9542
6.9742
6.9923
7.0001
7.0122
7.0218
7.0206
7.0136
7.0087
6.9996
6.9871
6.9713
6.954
6.9478
6.9443
6.9315
6.9136
6.902
6.8936
6.8904
6.8885
6.8814
6.8677
6.8527
6.7556
6.7556
6.7556
6.7556
6.7556
6.7556
6.7556
6.7556
6.7556
6.7556
6.7556
6.7556
6.7556
6.7556
6.7556
6.7556
6.7556
6.7556
6.7556
6.7556
6.7556
6.7556
6.7556
6.7556
6.7556
6.7556
6.7556
6.7556
