198.36
198.36
198.36
198.36
198.36
198.36
198.36
198.36
198.36
198.36
198.36
198.36
198.36
198.36
198.36
198.36
198.36
198.36
198.36
198.36
198.36
198.36
198.36
198.36
198.36
198.36
198.36
198.36
198.36
198.36
198.36
198.36
198.36
198.36
198.36
198.36
198.36
198.36
198.36
198.36
198.36
198.36
198.36
198.36
198.36
198.36
198.36
198.36
198.36
198.36
198.36
198.36
198.36
198.36
198.36
198.36
198.36
198.36
198.36
198.36
198.36
198.36
198.36
198.36
198.36
198.36
198.36
198.36
198.36
198.36
198.36
198.36
198.36
198.36
198.36
198.36
200.05
207.72
207.72
207.72
207.72
207.72
197.72
197.72
197.72
197.72
207.72
207.72
207.72
207.72
207.72
204.27
198.36
198.36
198.36
198.36
198.36
198.36
198.36
198.36
198.36
198.36
198.36
198.36
198.36
198.36
198.36
198.36
198.36
198.36
198.36
198.36
198.36
198.36
198.36
198.36
198.36
198.36
198.36
198.36
198.36
198.36
198.36
198.36
198.36
198.36
198.36
198.36
198.36
198.36
198.36
198.36
198.36
198.36
198.36
198.36
198.36
198.36
198.36
198.36
198.36
198.36
202.32
205.71
205.71
210.78
215.06
215.06
215.06
215.06
215.06
215.06
259.97
306.59
335.11
340.63
346.11
351.91
356.3
359.3
364.4
368.86
374.77
379.19
383.03
387.52
392.77
396.64
398.59
397.29
396.63
397.31
396.6
394.62
393.18
391.93
390.21
388
386.15
385.38
384.3
385.01
384.58
382.35
380.1
378.72
376.24
372.6
368.73
364.5
360.07
355.84
352.51
349.23
345.78
340.65
336.58
332.91
328.39
324.87
320.38
314.8
310.02
304.71
298.41
292.93
287.4
282.06
277.41
274.8
272.08
268.05
263.88
259.22
254.53
249.45
244.17
238.48
232.66
228.46
224.4
221.45
219.79
218.47
217.02
215.6
214.05
211.23
208.73
206.08
203.44
200.66
198.77
198.36
198.36
198.36
198.36
198.36
198.36
198.36
