6.7556
6.7556
6.7556
6.7556
6.7556
6.7556
6.7556
6.7556
6.7556
6.7556
6.7556
6.7556
6.7556
6.7556
6.7556
6.7556
6.7556
6.7556
6.7556
6.7556
6.7556
6.7556
6.7556
6.7556
6.7556
6.7556
6.7556
6.7556
6.7556
6.7556
6.7556
6.7556
6.7556
6.7556
6.7556
6.7556
6.7556
6.7556
6.7556
6.7556
6.7556
6.7556
6.7556
6.7556
6.7556
6.7556
6.7556
6.7556
6.7556
6.7556
6.7556
6.7556
6.7556
6.7556
6.7556
6.7556
6.7556
6.7556
6.7556
6.7556
6.7556
6.7556
6.7556
6.7556
6.7556
6.7556
6.7556
6.7556
6.7556
6.7556
6.7556
6.7556
6.7556
6.7556
6.7556
6.7556
6.7556
6.7926
6.8599
6.9271
6.9942
7.1418
7.1994
7.2519
7.2364
7.078
7.3443
7.3243
7.1715
7.0255
6.9589
6.8921
6.8253
6.7585
6.7556
6.7556
6.7556
6.7556
6.7556
6.7556
6.7556
6.7556
6.7556
6.7556
6.7556
6.7556
6.7556
6.7556
6.7556
6.7556
6.7556
6.7556
6.7556
6.7556
6.7556
6.7556
6.7556
6.7556
6.7556
6.7556
6.7556
6.7556
6.7556
6.7556
6.7556
6.7556
6.7556
6.7556
6.7556
6.7556
6.7556
6.7556
6.7556
6.7556
6.7556
6.7556
6.7556
6.7556
6.7734
6.8411
6.9091
6.9773
7.1484
7.2015
7.2381
7.1476
7.2023
7.3193
7.7038
7.7419
7.7817
7.8207
7.9113
7.942
7.9331
7.9614
7.9883
7.9909
8.0527
8.0642
8.079
8.1026
8.1536
8.1688
8.2132
8.2553
8.2985
8.3141
8.2973
8.2824
8.2469
8.253
8.2153
8.1762
8.1806
8.1716
8.1217
8.1095
8.092
8.0292
7.8312
7.9293
7.9177
7.8642
7.7938
7.7102
7.6327
7.5744
7.524
7.4645
7.3936
7.3208
7.2705
7.2282
7.1848
7.1536
7.119
7.0765
7.0302
6.995
6.9588
6.9345
6.9108
6.8783
6.845
6.8165
6.8059
6.7992
6.7887
6.7798
6.7712
6.7773
6.7827
6.7763
6.7705
6.767
6.7632
6.7588
6.7556
6.7556
6.7556
6.7556
6.7556
6.7556
6.7556
6.7556
6.7556
6.7556
6.7556
6.7556
6.7556
6.7556
6.7556
6.7556
6.7556
6.7556
6.7556
6.7556
6.7556
6.7556
