6.7556
6.7556
6.7556
6.7556
6.7556
6.7556
6.7556
6.7556
6.7556
6.7556
6.7556
6.7556
6.7556
6.7556
6.7556
6.7556
6.7556
6.7556
6.7556
6.7556
6.7556
6.7556
6.7556
6.7556
6.7556
6.7556
6.7556
6.7556
6.7556
6.7556
6.7556
6.7556
6.7556
6.7556
6.7556
6.7556
6.7556
6.7556
6.7556
6.7556
6.7556
6.7556
6.7556
6.7556
6.7556
6.7556
6.7556
6.7556
6.7689
6.9284
7.094
7.2383
7.3401
7.4633
7.6197
7.7446
7.8071
7.8587
7.8517
7.8226
7.7684
7.6491
7.5261
7.4023
7.3137
7.2016
7.0695
6.9351
6.8593
6.7819
6.7654
6.7556
6.7556
6.7556
6.7556
6.7556
6.7761
6.7989
6.809
6.8057
6.7892
6.7604
6.7556
6.7556
6.7556
6.7556
6.7556
6.7556
6.7556
6.7556
6.7556
6.7556
6.7556
6.7556
6.7556
6.7556
6.7556
6.7556
6.7556
6.7703
6.8652
6.9598
7.0211
7.0618
7.1221
7.2051
7.2984
7.3456
7.3097
7.2219
7.1442
7.0859
7.0285
6.9767
6.9734
7.0258
7.1609
7.2919
7.4198
7.5683
7.7451
7.9106
7.7776
7.9598
7.9616
7.9401
7.9195
7.8975
7.8219
7.7922
7.7627
7.7954
7.7358
7.6483
7.553
7.4948
7.4348
7.8453
7.3001
7.2505
7.2426
7.2325
7.184
7.1671
7.1549
7.2021
7.2122
7.068
7.1062
7.1119
7.0669
6.9886
6.9897
7.0161
6.9958
6.9356
6.9267
6.8966
6.8418
6.8456
6.8366
6.7946
6.7738
6.7556
6.7556
6.7556
6.7556
6.7556
6.7556
6.7556
6.7556
6.7556
6.7556
6.7556
6.7556
6.7556
6.7556
6.7556
6.7556
6.7556
6.7556
6.7556
6.7556
6.7556
6.7556
6.7556
6.7556
6.7556
6.7556
6.7556
6.7556
6.7556
6.7556
6.7556
6.7556
6.7556
6.7556
6.7556
6.7556
6.7556
6.7556
6.7556
6.7556
6.7556
6.7556
6.7556
6.7556
6.7556
6.7556
6.7556
6.7556
6.7556
6.7556
6.7556
6.7556
6.7556
6.7556
6.7556
6.7556
6.7556
6.7556
6.7556
6.7556
6.7556
6.7556
6.7556
6.7556
6.7556
6.7556
6.7556
6.7556
6.7556
6.7556
6.7556
6.7556
6.7556
6.7556
6.7556
6.7556
6.7556
