198.36
198.36
198.36
198.36
198.36
198.36
198.36
198.36
198.36
198.36
198.36
198.36
198.36
198.36
198.36
198.36
198.36
198.36
198.36
198.36
198.36
198.36
198.36
198.36
198.36
198.36
198.36
198.36
198.36
198.36
198.36
198.36
198.36
198.36
198.36
198.36
198.36
198.36
198.36
198.36
198.36
198.36
198.36
198.36
198.36
198.36
198.36
198.36
198.36
198.36
198.36
198.36
198.36
198.36
198.36
198.36
198.36
198.36
198.36
198.36
198.36
198.36
198.36
198.36
198.36
198.36
198.36
198.36
198.36
198.36
198.36
198.36
198.36
198.36
198.36
198.36
198.36
202.61
207.72
207.72
207.72
207.72
197.72
197.72
214.99
216.8
207.65
207.81
197.72
207.72
207.72
207.72
205.88
198.67
198.36
198.36
198.36
198.36
198.36
198.36
198.36
198.36
198.36
198.36
198.36
198.36
198.36
198.36
198.36
198.36
198.36
198.36
198.36
198.36
198.36
198.36
198.36
198.36
198.36
198.36
198.36
198.36
198.36
198.36
198.36
198.36
198.36
198.36
198.36
198.36
198.36
198.36
198.36
198.36
198.36
198.36
198.36
198.36
200.43
205.71
205.71
205.71
195.71
195.71
195.71
195.71
195.71
200.88
246.4
251.52
255.89
260.48
264.62
268.81
271.36
272.39
274.42
278.6
282.51
285.5
287.1
287.74
289.93
292.52
295.32
297.8
300.49
300.91
301.32
300.75
299.93
297.61
296.28
294.19
293
291.89
289.07
287.01
286
285.42
282.9
278.48
275.97
274.14
271.34
267.85
263.72
260.8
257.94
254.62
250.82
246.6
243.36
240.45
237.54
235.2
232.04
228.92
225.19
222.22
218.47
216.37
214.29
211.61
208.13
204.98
204.08
203.36
202.16
201.1
200.05
200.8
201.2
200.52
199.93
199.63
199.23
198.74
198.36
198.36
198.36
198.36
198.36
198.36
198.36
198.36
198.36
198.36
198.36
198.36
198.36
198.36
198.36
198.36
198.36
198.36
198.36
198.36
198.36
198.36
