198.36
198.36
198.36
198.36
198.36
198.36
198.36
198.36
198.36
198.36
198.36
198.36
198.36
198.36
198.36
198.36
198.36
198.36
198.36
198.36
198.36
198.36
198.36
198.36
198.36
198.36
198.36
198.36
198.36
198.36
198.36
198.36
198.36
198.36
198.36
198.36
198.36
198.36
198.36
198.36
198.36
198.36
198.36
198.36
198.36
198.36
198.36
198.36
200.02
211.12
213.05
213.05
213.05
206.32
212.1
212.41
212.41
217.86
219.75
219.75
219.7
215.19
222.39
216.9
215.06
215.06
214.46
209.86
207.41
201.69
199.74
198.36
198.36
198.36
198.36
198.36
200.61
202.2
202.86
202.64
201.62
199.35
198.36
198.36
198.36
198.36
198.36
198.36
198.36
198.36
198.36
198.36
198.36
198.36
198.36
198.36
198.36
198.36
198.36
200.73
207.39
207.72
207.72
207.72
197.72
197.72
197.72
197.72
197.72
197.72
197.72
207.72
207.72
211.77
212.49
209.03
213.05
213.05
203.05
197.83
200.39
200.39
220.39
200.39
205.58
203.46
198.35
208.35
200.17
203.39
196.74
206.3
196.3
196.3
192.5
198.95
198.95
226.88
202.8
198.95
208.95
208.95
210.86
213.49
208.95
208.95
208.95
211.77
214.25
214.25
214.06
209.55
210.48
213.42
212.85
208.95
208.95
208.56
204.9
204.98
203.99
201.15
199.72
198.36
198.36
198.36
198.36
198.36
198.36
198.36
198.36
198.36
198.36
198.36
198.36
198.36
198.36
198.36
198.36
198.36
198.36
198.36
198.36
198.36
198.36
198.36
198.36
198.36
198.36
198.36
198.36
198.36
198.36
198.36
198.36
198.36
198.36
198.36
198.36
198.36
198.36
198.36
198.36
198.36
198.36
198.36
198.36
198.36
198.36
198.36
198.36
198.36
198.36
198.36
198.36
198.36
198.36
198.36
198.36
198.36
198.36
198.36
198.36
198.36
198.36
198.36
198.36
198.36
198.36
198.36
198.36
198.36
198.36
198.36
198.36
198.36
198.36
198.36
198.36
198.36
