198.36
198.36
198.36
198.36
198.36
198.36
198.36
198.36
198.36
198.36
198.36
198.36
198.36
198.36
198.36
198.36
198.36
198.36
198.36
198.36
198.36
198.36
198.36
198.36
198.36
198.36
198.36
198.36
198.36
198.36
198.36
198.36
198.36
198.36
198.36
198.36
198.36
198.36
198.36
198.36
198.36
198.36
198.36
198.36
198.36
201.74
205.46
205.71
205.71
205.71
206.15
209.39
212.2
217.42
221.55
218.19
215.06
216.39
221.21
218.49
214.52
213.05
202.78
199.14
195.71
195.71
195.71
205.71
208.64
213.05
213.05
223.42
223.15
212.14
195.71
195.71
205.71
209.88
213.05
213.05
213.05
211.03
195.71
195.71
195.71
212.41
219.71
229.19
227.48
226
224.3
222.46
222.41
222.41
222.41
212.32
195.71
209.1
206.12
206.85
204.07
212.09
210.95
211.26
211.48
211.63
211.71
198.36
198.36
198.36
198.36
198.36
198.36
198.36
198.36
198.36
198.36
198.36
198.36
198.36
198.36
198.36
198.36
198.36
198.36
203.92
205.71
205.71
205.71
195.71
196.28
200.2
202.72
203.05
203.06
219.65
218.98
231.76
244.86
249.93
251.36
251.91
251.29
249.03
248.78
248.46
247.05
247.65
248.22
247.23
245.21
243.84
241.71
238.76
236.12
234.69
231.59
228.76
225.64
223.38
222.5
222.05
222.15
221.48
221.25
220.61
218.84
216.93
215.52
214.64
213.89
213.5
213.1
213.82
214.58
215.35
216.59
218.04
219.21
220.89
222.18
223.74
224.64
224.84
224.84
224.84
224.84
224.84
224.84
224.75
214.25
214.25
214.09
211.05
208.95
219.26
218.43
217.08
215.92
214.67
214.09
213.49
203.66
203.66
201.06
198.36
198.36
198.36
198.36
198.36
198.36
198.36
198.36
198.36
198.36
198.36
198.36
198.36
198.36
198.36
198.36
198.36
198.36
198.36
198.36
198.36
198.36
198.36
198.36
198.36
198.36
198.36
198.36
198.36
198.36
198.36
198.36
198.36
198.36
198.36
