198.36
198.36
198.36
198.36
198.36
198.36
198.36
198.36
198.36
198.36
198.36
198.36
198.36
198.36
198.36
198.36
198.36
198.36
198.36
198.36
198.36
198.36
198.36
198.36
198.36
198.36
198.36
198.36
198.36
198.36
198.36
198.36
198.36
198.36
198.36
198.36
198.36
198.36
198.36
198.36
198.36
198.36
198.36
198.36
198.36
198.36
198.36
198.36
198.36
198.36
198.36
198.36
198.36
198.36
198.36
198.36
198.36
198.36
198.36
198.36
198.36
198.36
198.36
198.36
198.36
198.36
198.36
198.36
198.36
198.36
198.36
198.36
198.36
198.36
198.36
198.36
198.36
198.36
198.36
204.38
207.72
207.72
207.72
207.72
197.72
197.72
197.72
197.72
207.72
207.72
207.72
207.72
206.94
200.4
198.36
198.36
198.36
198.36
198.36
198.36
198.36
198.36
198.36
198.36
198.36
198.36
198.36
198.36
198.36
198.36
198.36
198.36
198.36
198.36
198.36
198.36
198.36
198.36
198.36
198.36
198.36
198.36
198.36
198.36
198.36
198.36
198.36
198.36
198.36
198.36
198.36
198.36
198.36
200.53
205.56
205.71
205.71
205.71
210.47
203.05
203.05
203.05
231.76
248.18
221.1
226.41
231.76
260.55
265.74
267.02
268.96
270.34
272.53
274.65
275.94
277.32
281.14
284.26
285.65
288.06
288.6
287.94
286.22
284.29
284.64
283.84
281.78
279.25
276.68
274.68
273.87
273.39
271.77
268.71
266.27
262.9
259.38
255.75
253.23
249.92
245.91
241.66
237.3
234.75
232.21
230.56
228.14
224.61
221.81
219.59
217.66
216.25
214.81
213.41
212.06
210.38
210.79
210.5
209.55
209.45
209.89
210.59
211.31
210.57
209.08
207.91
207.14
206.54
205.77
204.99
204.68
203.75
202.48
201.77
201.78
202.09
202.31
202.29
201.42
201.02
200.98
200.89
200.76
200.58
199.86
199.29
199.16
199.02
198.87
198.71
198.52
198.36
198.36
198.36
198.36
198.36
198.36
198.36
198.36
198.36
