6.7556
6.7556
6.7556
6.7556
6.7556
6.7556
6.7556
6.7556
6.7556
6.7556
6.7556
6.7556
6.7556
6.7556
6.7556
6.7556
6.7556
6.7556
6.7556
6.7556
6.7556
6.7556
6.7556
6.7556
6.7556
6.7556
6.7556
6.7556
6.7556
6.7556
6.7556
6.7556
6.7556
6.7556
6.7556
6.7556
6.7556
6.7556
6.7556
6.7556
6.7556
6.7556
6.7556
6.7556
6.7556
6.7556
6.7556
6.7556
6.7556
6.7556
6.7556
6.7556
6.7556
6.7556
6.7556
6.7556
6.7556
6.7556
6.7556
6.7556
6.7556
6.7556
6.7556
6.7556
6.7556
6.7556
6.7556
6.7556
6.7556
6.7556
6.7556
6.7556
6.7556
6.7556
6.7556
6.7556
6.7556
6.8243
6.8937
6.9552
7.0063
7.0437
7.0644
7.0661
7.0488
7.0143
6.9657
6.9062
6.8386
6.765
6.7556
6.7556
6.7556
6.7556
6.7556
6.7556
6.7556
6.7556
6.7556
6.7556
6.7556
6.7556
6.7556
6.7556
6.7556
6.7556
6.7556
6.7556
6.7556
6.7556
6.7556
6.7556
6.7556
6.7556
6.7556
6.7556
6.7556
6.7556
6.7556
6.7556
6.7556
6.7556
6.7556
6.7556
6.7556
6.7556
6.7556
6.7556
6.7556
6.7556
6.7556
6.7556
6.7556
6.7556
6.7556
6.7556
6.7556
6.7556
6.7556
6.7556
6.7556
6.7556
6.7556
6.7556
6.7556
6.7556
6.7767
6.8735
6.9709
7.0622
7.1113
7.1801
7.277
7.7066
8.0767
8.6591
8.7596
8.8207
8.9081
9.0092
9.1201
9.2356
9.2554
9.3089
9.4767
9.5292
9.5587
9.5981
9.6623
9.7322
9.8008
9.8792
9.9448
9.9934
10.033
10.039
10.032
10.037
10.028
10.009
9.9831
9.9528
9.9177
9.8967
9.8802
9.8184
9.8267
9.7843
9.7054
9.6136
9.5697
9.5496
9.5088
9.4606
9.3989
9.2885
8.9683
9.0873
9.1083
9.0361
8.9512
8.8635
8.7564
8.5634
8.5687
8.5464
8.464
8.297
8.145
8.1833
8.1059
8.0065
7.9123
6.93
6.9145
6.9014
6.8636
6.7829
6.7556
6.7556
6.7556
7.0059
6.7556
7.1766
7.051
7.1632
7.1212
6.7556
6.7556
6.7556
6.7556
6.7556
6.7556
6.7556
6.7556
6.7556
6.7556
6.7556
6.8388
6.8388
