6.7556
6.7556
6.7556
6.7556
6.7556
6.7556
6.7556
6.7556
6.7556
6.7556
6.7556
6.7556
6.7556
6.7556
6.7556
6.7556
6.7556
6.7556
6.7556
6.7556
6.7556
6.7556
6.7556
6.7556
6.7556
6.7556
6.7556
6.7556
6.7556
6.7556
6.7556
6.7556
6.7556
6.7556
6.7556
6.7556
6.7556
6.7556
6.7556
6.7556
6.7556
6.7556
6.7556
6.7556
6.7556
6.7853
6.8262
6.8605
6.8866
6.9029
6.912
6.9343
6.9448
6.9671
6.9906
6.992
6.9897
7.0069
7.0538
7.0797
7.0854
7.0993
7.231
7.2249
7.2133
7.2088
7.1833
7.0244
7.0018
7.0041
7.349
7.448
7.4554
7.3736
7.1647
7.1679
7.0214
7.033
7.0543
7.0658
7.0687
7.0628
7.1741
7.2015
7.2107
7.4291
7.4662
7.4312
7.3943
7.3584
7.4275
7.4038
7.4009
7.3123
7.3214
7.3313
7.1845
7.331
7.3042
7.2863
7.2297
7.1752
7.1297
7.101
7.0755
7.0529
7.0326
6.7556
6.7556
6.7556
6.7556
6.7556
6.7556
6.7556
6.7556
6.7556
6.7556
6.7556
6.7556
6.7556
6.7556
6.7556
6.7556
6.7556
6.7556
6.8081
6.8668
6.9245
6.9805
7.1661
7.2097
7.276
7.3079
7.2981
7.2545
7.2658
7.1728
7.5547
7.6434
7.7151
7.7577
7.7427
7.6904
7.7207
7.6888
7.6565
7.617
7.597
7.5722
7.5382
7.509
7.4951
7.4118
7.3687
7.3205
7.2806
7.2346
7.1917
7.1519
7.074
7.0465
7.0217
7.0018
6.9822
6.971
6.9583
6.9427
6.9264
6.9208
6.9252
6.929
6.9404
6.9508
6.9688
6.9845
7.0027
7.0238
7.0434
7.066
7.0943
7.1215
7.1452
7.1589
7.1784
7.1941
7.2038
7.2005
7.2002
7.202
7.193
7.0508
7.0394
7.0162
6.986
6.9626
7.0807
7.0613
7.0511
7.0327
7.0093
6.9898
6.9659
6.845
6.8312
6.7826
6.7556
6.7556
6.7556
6.7556
6.7556
6.7556
6.7556
6.7556
6.7556
6.7556
6.7556
6.7556
6.7556
6.7556
6.7556
6.7556
6.7556
6.7556
6.7556
6.7556
6.7556
6.7556
6.7556
6.7556
6.7556
6.7556
6.7556
6.7556
6.7556
6.7556
6.7556
6.7556
6.7556
6.7556
6.7556
