198.36
198.36
198.36
198.36
198.36
198.36
198.36
198.36
198.36
198.36
198.36
198.36
198.36
198.36
198.36
198.36
198.36
198.36
198.36
198.36
198.36
198.36
198.36
198.36
198.36
198.36
198.36
198.36
198.36
198.36
198.36
198.36
198.36
198.36
198.36
198.36
198.36
198.36
198.36
198.36
198.36
205.71
198.36
198.36
198.36
202.56
208.47
213.05
213.05
213.05
206.72
202.4
212.41
206.82
209.75
199.75
209.75
219.75
217.1
217.1
227.1
212.41
212.41
212.41
212.41
209.91
203.05
203.05
199.53
219.75
229.49
231.28
231.12
230.94
197.64
195.71
195.71
195.71
195.72
202.42
203.05
213.05
213.05
203.05
200.23
195.71
195.71
195.71
195.71
205.71
205.71
205.71
210.14
207.28
205.71
205.71
205.71
195.71
195.71
195.71
195.71
205.71
205.71
206.6
210.01
210.4
206.94
207.48
207.57
215.06
214.95
216.36
215.75
215.64
216.76
218.45
220.97
223.59
225.01
198.36
226.02
198.36
198.36
198.36
201.11
229.73
231.57
232.89
235.61
238.54
241.18
243.26
244.53
245.29
245.25
244.82
244.14
243.53
244.06
245.03
244.98
244.37
242.61
239.09
235.37
233.09
230.92
228.91
227.01
226.38
226.37
226.32
225.1
225.46
225.91
226.47
225.59
225.04
225.26
225.9
225.85
211.4
214.25
219.54
227.55
215.3
219.54
219.54
219.54
214.76
218.48
219.54
219.54
219.5
214.6
214.25
214.25
214.25
212.08
208.95
208.95
208.95
208.54
203.66
203.66
203.66
203.4
198.36
198.36
198.36
198.36
198.36
198.36
198.36
198.36
198.36
198.36
198.36
198.36
198.36
198.36
198.36
198.36
198.36
198.36
198.36
198.36
198.36
198.36
198.36
198.36
198.36
198.36
198.36
198.36
198.36
198.36
198.36
198.36
198.36
198.36
198.36
198.36
198.36
198.36
198.36
198.36
198.36
198.36
198.36
198.36
198.36
198.36
198.36
198.36
198.36
198.36
198.36
198.36
198.36
