198.36
198.36
198.36
198.36
198.36
198.36
198.36
198.36
198.36
198.36
198.36
198.36
198.36
198.36
198.36
198.36
198.36
198.36
198.36
198.36
198.36
198.36
198.36
198.36
198.36
198.36
198.36
198.36
198.36
198.36
198.36
198.36
198.36
198.36
198.36
198.36
198.36
198.36
198.36
198.36
198.36
198.36
198.36
198.36
198.36
198.36
198.36
198.36
198.36
198.36
198.36
198.36
198.36
198.36
198.36
198.36
198.36
198.36
198.36
198.36
198.36
198.36
198.36
198.36
198.36
198.36
198.36
198.36
198.36
198.36
198.36
198.36
198.36
198.36
198.36
198.36
198.36
198.36
198.36
205.26
207.72
207.72
207.72
207.72
207.72
207.72
197.72
207.72
207.72
207.72
207.72
207.72
207.71
199.58
198.36
198.36
198.36
198.36
198.36
198.36
198.36
198.36
198.36
198.36
198.36
198.36
205.71
198.36
198.36
198.36
198.36
198.36
198.36
198.36
198.36
198.36
198.36
198.36
198.36
198.36
198.36
198.36
198.36
198.36
198.36
198.36
198.36
198.36
198.36
198.36
198.36
198.36
198.36
200.62
205.71
205.71
205.71
205.71
211.86
213.05
213.05
213.05
257.82
299.31
222.27
226.91
281.47
326.38
341.68
346.14
349.48
352.95
356.34
360.81
364.82
367.79
370.92
373.46
375.35
375.73
375.18
374.27
373.58
373.31
371.58
369.54
368.13
365.89
363.68
361.63
359.76
358.17
356.01
353.85
350.41
346.66
343.17
340.76
337.88
333.63
329.08
324.28
320.14
315.88
312.64
308.52
304.61
301.61
299.15
294.26
290.89
287.38
283.18
277.34
271.29
265.53
260.4
255.75
252.29
249.24
245.55
241.59
238.25
234.21
230.22
227.26
223.94
220.64
217.12
214.25
212.29
210.77
209.17
207.48
207.24
207.25
207.15
206.95
206.69
206.36
205.98
204.82
203.93
203.49
203
202.46
201.9
200.81
200.23
199.74
199.24
198.75
198.36
198.36
198.36
198.36
198.36
198.36
198.36
198.36
