198.36
198.36
198.36
198.36
198.36
198.36
198.36
198.36
198.36
198.36
198.36
198.36
198.36
198.36
198.36
198.36
198.36
198.36
198.36
198.36
198.36
198.36
198.36
198.36
198.36
198.36
198.36
198.36
198.36
198.36
198.36
198.36
198.36
198.36
198.36
198.36
198.36
198.36
198.36
198.36
198.36
198.36
198.36
198.36
198.36
198.36
199.89
210.71
213.05
213.05
213.05
206.06
202.31
202.41
214.4
219.75
199.75
209.75
219.75
209.75
209.75
205.79
202.95
212.41
212.41
222.41
221.34
214.22
213.05
208.53
205.71
206.44
212.22
210.29
205.71
205.71
205.71
205.71
205.71
205.71
205.71
207.63
212.13
212.6
207.1
205.71
205.71
205.71
205.71
205.71
205.61
202.17
198.36
198.36
198.36
200.18
203.13
205.25
205.64
205.66
208.89
215.06
215.06
207.72
207.72
197.72
197.72
197.72
197.72
197.72
197.72
214.95
220.23
220
222.12
224.69
227.45
229.66
231.73
235.24
238.63
240.35
239.88
239.55
203.05
203.05
203.05
214.16
218.44
220.39
225.69
235.5
237.71
236.32
234.52
232.5
231.42
231.66
231.55
231.81
230.54
230.12
230.3
230.55
229.72
229.47
229.26
229.57
228.87
228.77
228.53
208.95
208.95
211.22
214.25
214.25
214.25
214.25
218.6
219.54
219.36
214.25
214.25
218.5
219.54
215.02
214.25
214.25
214.23
209.88
208.95
208.95
208.49
203.66
203.66
203.65
200.38
198.36
198.36
198.36
198.36
198.36
198.36
198.36
198.36
198.36
198.36
198.36
198.36
198.36
198.36
198.36
198.36
198.36
198.36
198.36
198.36
198.36
198.36
198.36
198.36
198.36
198.36
198.36
198.36
198.36
198.36
198.36
198.36
198.36
198.36
198.36
198.36
198.36
198.36
198.36
198.36
198.36
198.36
198.36
198.36
198.36
198.36
198.36
198.36
198.36
198.36
198.36
198.36
198.36
198.36
198.36
198.36
198.36
198.36
198.36
198.36
198.36
198.36
198.36
