198.36
198.36
198.36
198.36
198.36
198.36
198.36
198.36
198.36
198.36
198.36
198.36
198.36
198.36
198.36
198.36
198.36
198.36
198.36
198.36
198.36
198.36
198.36
198.36
198.36
198.36
198.36
198.36
198.36
198.36
198.36
198.36
198.36
198.36
198.36
198.36
198.36
198.36
198.36
198.36
198.36
198.36
198.36
198.36
198.36
198.36
198.36
198.36
198.36
198.36
198.36
198.36
198.36
198.36
198.36
198.36
198.36
198.36
202.31
205.71
205.71
205.71
205.71
205.71
205.71
205.71
205.71
205.71
203.9
198.36
203.36
205.71
205.71
205.71
205.71
205.71
229.75
242.43
244.83
205.71
205.71
205.71
210.99
215.06
215.06
215.06
215.06
215.06
210.51
207.72
207.72
204.24
200.56
205.48
205.71
205.71
205.71
205.71
205.71
205.71
205.71
204.73
198.96
198.36
198.36
198.36
198.36
198.36
198.36
205.71
198.36
198.36
198.36
198.36
198.36
198.36
198.36
198.36
198.36
198.36
198.36
198.36
198.36
198.36
198.36
198.36
198.36
198.36
198.36
198.36
200.88
205.71
207.07
209.46
210.87
211.58
201.3
200.22
198.46
204.66
215.06
257.82
307.07
331.28
337.71
342.6
345.54
348.72
352.63
355.73
359.23
362.53
364.28
365.62
367.9
369.03
370.06
370.56
370.64
369.26
368.02
366.51
363.68
360.45
357.24
353.25
349.84
347.79
345.81
343.06
339.18
333.86
328.47
322.67
318.99
315.39
311.75
307.09
303.03
299.2
295.32
292.03
287.88
283.53
279.17
274.53
269.96
265.39
260.94
257.79
254.14
250
246.84
244.04
240.9
237.94
234.99
232.17
228.96
227.03
225.67
224.67
223.53
222.49
221.82
221.29
220.88
220.33
219.65
218.9
218.11
217.22
198.36
198.36
198.36
198.36
198.36
198.36
198.36
198.36
198.36
198.36
198.36
198.36
198.36
198.36
198.36
198.36
198.36
199.18
199.1
198.91
198.73
198.66
198.67
198.36
198.36
198.36
198.36
198.36
