198.36
198.36
198.36
198.36
198.36
198.36
198.36
198.36
198.36
198.36
198.36
198.36
198.36
198.36
198.36
198.36
198.36
198.36
198.36
198.36
198.36
198.36
198.36
198.36
198.36
198.36
198.36
198.36
198.36
198.36
198.36
198.36
198.36
198.36
198.36
198.36
198.36
198.36
198.36
198.36
198.36
198.36
198.36
198.36
198.36
198.36
198.36
198.36
198.36
198.36
198.36
198.36
198.36
198.36
198.36
198.36
198.36
198.36
198.36
198.36
198.36
198.36
198.36
198.36
198.36
198.36
198.36
198.36
198.36
198.36
198.36
198.36
198.36
198.36
198.36
198.36
199.06
204.7
207.72
207.72
207.72
207.72
207.72
207.72
207.72
207.72
207.72
207.72
205.69
200.31
198.36
198.36
198.36
198.36
198.36
198.36
198.36
198.36
198.36
198.36
198.36
198.36
198.36
198.36
198.36
198.36
198.36
198.36
198.36
198.36
198.36
198.36
198.36
198.36
198.36
198.36
198.36
198.36
198.36
198.36
198.36
198.36
198.36
198.36
198.36
198.36
198.36
198.36
198.36
198.36
198.36
198.36
198.36
198.36
198.36
198.36
198.36
198.36
198.36
198.36
198.36
198.36
198.36
198.36
198.36
198.36
201.24
207.6
207.72
207.72
197.72
197.72
197.72
229.73
233.01
243.9
245.72
247.4
251.96
257.22
262.98
267.8
271.15
273.71
273.84
272.07
271.46
271.98
275.56
277.6
279.53
280.61
284.4
286.42
287.29
286.89
287.04
285.38
284.69
286.73
292.17
297.08
300.98
301.86
301.73
302.98
304.37
304.93
304.68
304.81
305.22
304.85
304.05
304.39
304.24
303.95
297.78
300.65
298.01
293.89
287.72
282.23
277.6
273.98
270.21
267.19
265.89
264.16
262.22
259.24
255.52
252.1
247.62
207.72
207.72
207.72
207.35
201.74
198.36
198.36
198.36
207.59
198.36
212.87
210.27
207.62
204.89
198.36
198.36
198.36
198.36
198.36
198.36
198.36
198.36
198.36
198.36
198.36
198.36
198.36
