198.36
198.36
198.36
198.36
198.36
198.36
198.36
198.36
198.36
198.36
198.36
198.36
198.36
198.36
198.36
198.36
198.36
198.36
198.36
198.36
198.36
198.36
198.36
198.36
198.36
198.36
198.36
198.36
198.36
198.36
198.36
198.36
198.36
198.36
198.36
198.36
198.36
198.36
198.36
198.36
198.36
198.36
198.36
198.36
198.36
202.23
205.71
205.71
205.71
205.71
205.71
208.39
213.37
218.11
222.41
218.62
215.06
216.14
222.36
218.99
213.38
213.05
213.05
199.64
195.71
195.71
205.71
205.71
209.03
213.05
237.1
257.67
256.76
256.11
205.71
205.71
205.71
210.85
213.05
213.05
213.05
212.58
205.71
195.71
195.71
219.75
241.07
240.7
240.52
240.26
239.6
238.95
239.04
238.88
238.66
238.34
205.71
226.75
225.69
234.7
233.43
232.09
231.49
231.75
232.08
233.1
233.73
198.36
198.36
198.36
198.36
198.36
198.36
198.36
198.36
198.36
198.36
198.36
198.36
198.36
198.36
198.36
198.36
198.36
198.36
205.37
205.71
205.71
205.71
205.71
195.71
201.38
203.05
203.05
213.05
221.71
219.81
250.39
298.52
320.21
326.18
331.05
334.65
339.69
344.34
348.08
352
354.74
357.07
359.12
360.05
359.85
359.08
358.5
356.41
354.08
350.76
348.09
345.55
342.46
339.91
337.28
334.86
331.25
327.89
324.12
320.45
315.78
311.39
307.37
302.75
297.77
294.22
290.5
286.08
281.69
277.46
272.47
267.73
262.87
258.35
254.64
250.53
246.31
242.28
238.59
236.09
233.53
232.13
230.52
214.25
214.25
214.25
212.01
208.95
219.23
224.15
224.42
224.23
223.98
223.64
223.2
203.66
203.66
202.44
198.36
198.36
198.36
198.36
198.36
198.36
198.36
198.36
198.36
198.36
198.36
198.36
198.36
198.36
202.18
201.85
200.73
200.1
198.36
198.36
198.36
198.36
198.36
198.36
198.36
198.36
198.36
198.36
198.36
198.36
198.36
198.36
198.36
198.36
198.36
